16,16,0.1,1,0,0,1,1,1,0.174,0.076,0.001,0.000,0.009,0.261,0.095,0.002,2,True
16,16,0.1,5,0,0,1,1,1,0.172,0.077,0.001,0.000,0.007,0.257,0.093,0.002,2,True
16,16,0.1,3,0,0,1,1,1,0.192,0.079,0.001,0.000,0.009,0.281,0.098,0.002,2,True
16,16,0.1,2,0,0,1,1,1,0.168,0.113,0.001,0.000,0.009,0.291,0.118,0.002,2,True
16,16,0.1,3,0,0,1,1,1,0.174,0.079,0.001,0.000,0.009,0.262,0.097,0.002,2,True
16,16,0.1,5,0,0,2,2,2,0.204,0.215,0.001,0.000,0.009,0.429,0.099,0.002,3,True
16,16,0.1,4,0,0,1,1,1,0.207,0.082,0.001,0.000,0.007,0.298,0.090,0.002,2,True
16,16,0.1,5,0,0,2,2,2,0.182,0.219,0.002,0.000,0.010,0.412,0.098,0.002,3,True
16,16,0.1,6,0,0,2,2,2,0.182,0.225,0.002,0.000,0.007,0.416,0.093,0.002,3,True
16,16,0.1,5,0,0,1,1,1,0.169,0.078,0.001,0.000,0.009,0.258,0.098,0.003,2,True
16,16,0.1,3,0,0,1,1,1,0.210,0.068,0.001,0.000,0.009,0.289,0.091,0.002,2,True
16,16,0.1,3,0,0,1,1,1,0.171,0.083,0.001,0.000,0.010,0.265,0.088,0.003,2,True
16,16,0.1,5,0,0,2,2,2,0.187,0.180,0.002,0.000,0.010,0.378,0.099,0.002,3,True
16,16,0.1,5,0,0,2,2,2,0.181,0.223,0.002,0.000,0.010,0.416,0.093,0.003,3,True
16,16,0.1,4,0,0,1,1,1,0.172,0.099,0.001,0.000,0.012,0.285,0.089,0.002,2,True
16,16,0.1,2,0,0,1,1,1,0.177,0.073,0.001,0.000,0.010,0.260,0.091,0.002,2,True
16,16,0.1,3,0,0,1,1,1,0.193,0.083,0.001,0.000,0.010,0.287,0.100,0.002,2,True
16,16,0.1,1,0,0,1,1,1,0.174,0.082,0.001,0.000,0.009,0.266,0.088,0.002,2,True
16,16,0.1,3,0,0,1,1,1,0.171,0.079,0.001,0.000,0.009,0.260,0.086,0.002,2,True
16,16,0.1,4,0,0,1,1,1,0.174,0.085,0.001,0.000,0.010,0.270,0.087,0.002,2,True
16,16,0.1,3,0,0,2,2,2,0.198,0.225,0.002,0.000,0.009,0.434,0.124,0.002,3,True
16,16,0.1,4,0,0,1,1,1,0.168,0.083,0.001,0.000,0.010,0.262,0.087,0.003,2,True
16,16,0.1,5,0,0,1,1,1,0.179,0.115,0.001,0.000,0.008,0.303,0.090,0.002,2,True
16,16,0.1,2,0,0,1,1,1,0.190,0.081,0.001,0.000,0.010,0.281,0.102,0.002,2,True
16,16,0.1,2,0,0,1,1,1,0.175,0.081,0.001,0.000,0.009,0.266,0.088,0.002,2,True
16,16,0.1,3,0,0,1,1,1,0.177,0.083,0.001,0.000,0.010,0.271,0.088,0.002,2,True
16,16,0.1,4,0,0,1,1,1,0.188,0.081,0.001,0.000,0.010,0.280,0.087,0.002,2,True
16,16,0.1,2,0,0,1,1,1,0.230,0.109,0.001,0.000,0.009,0.348,0.093,0.002,2,True
16,16,0.1,2,0,0,2,2,2,0.174,0.229,0.002,0.000,0.009,0.414,0.092,0.002,3,True
16,16,0.1,5,0,0,2,2,2,0.177,0.212,0.002,0.000,0.011,0.401,0.086,0.002,3,True
16,16,0.1,4,0,0,1,1,1,0.228,0.131,0.001,0.000,0.010,0.370,0.089,0.003,2,True
16,16,0.1,3,0,0,2,2,2,0.185,0.227,0.002,0.000,0.011,0.425,0.086,0.002,3,True
16,16,0.2,5,0,0,1,1,1,0.175,0.070,0.001,0.000,0.010,0.256,0.109,0.003,2,True
16,16,0.2,5,0,0,1,1,1,0.171,0.101,0.001,0.000,0.008,0.281,0.097,0.002,2,True
16,16,0.2,7,0,0,1,1,1,0.187,0.081,0.001,0.000,0.009,0.277,0.090,0.003,2,True
16,16,0.2,7,0,0,1,1,1,0.186,0.075,0.001,0.000,0.008,0.270,0.097,0.003,2,True
16,16,0.2,8,0,0,2,2,2,0.232,0.171,0.002,0.000,0.008,0.413,0.123,0.002,3,True
16,16,0.2,5,0,0,1,1,1,0.168,0.067,0.001,0.000,0.010,0.247,0.095,0.002,2,True
16,16,0.2,5,0,0,1,1,1,0.192,0.086,0.001,0.000,0.007,0.286,0.091,0.002,2,True
16,16,0.2,4,0,0,1,1,1,0.176,0.073,0.001,0.000,0.010,0.259,0.098,0.003,2,True
16,16,0.2,8,0,0,1,1,1,0.173,0.085,0.001,0.000,0.010,0.269,0.127,0.002,2,True
16,16,0.2,9,0,0,1,1,1,0.194,0.088,0.001,0.000,0.010,0.292,0.102,0.003,2,True
16,16,0.2,6,0,0,1,1,1,0.180,0.088,0.001,0.000,0.009,0.279,0.091,0.002,2,True
16,16,0.2,7,0,0,1,1,1,0.174,0.121,0.001,0.000,0.010,0.307,0.090,0.002,2,True
16,16,0.2,7,0,0,2,2,2,0.177,0.189,0.002,0.000,0.010,0.378,0.088,0.002,3,True
16,16,0.2,6,0,0,1,1,1,0.172,0.121,0.001,0.000,0.009,0.303,0.116,0.004,2,True
16,16,0.2,7,0,0,1,1,1,0.189,0.089,0.001,0.000,0.007,0.286,0.100,0.002,2,True
16,16,0.2,4,0,0,1,1,1,0.169,0.115,0.001,0.000,0.010,0.296,0.127,0.002,2,True
16,16,0.2,7,0,0,1,1,1,0.177,0.084,0.001,0.000,0.010,0.272,0.099,0.004,2,True
16,16,0.2,8,0,0,2,2,2,0.171,0.182,0.002,0.000,0.009,0.363,0.094,0.002,3,True
16,16,0.2,4,0,0,1,1,1,0.183,0.087,0.001,0.000,0.010,0.281,0.091,0.002,2,True
16,16,0.2,7,0,0,1,1,1,0.180,0.083,0.001,0.000,0.010,0.274,0.101,0.004,2,True
16,16,0.2,5,0,0,1,1,1,0.191,0.124,0.001,0.000,0.009,0.325,0.086,0.003,2,True
16,16,0.2,6,0,0,1,1,1,0.176,0.085,0.001,0.000,0.011,0.273,0.091,0.003,2,True
16,16,0.2,4,0,0,1,1,1,0.176,0.084,0.001,0.000,0.009,0.271,0.085,0.002,2,True
16,16,0.2,6,0,0,1,1,1,0.220,0.082,0.001,0.000,0.010,0.313,0.087,0.002,2,True
16,16,0.2,8,0,0,3,3,3,0.185,0.341,0.002,0.000,0.009,0.537,0.102,0.002,4,True
16,16,0.2,5,0,0,1,1,1,0.168,0.129,0.001,0.000,0.010,0.308,0.106,0.002,2,True
16,16,0.2,4,0,0,1,1,1,0.189,0.087,0.001,0.000,0.010,0.288,0.092,0.002,2,True
16,16,0.2,6,0,0,2,2,2,0.197,0.184,0.002,0.000,0.010,0.393,0.092,0.003,3,True
16,16,0.2,10,0,0,2,2,2,0.214,0.198,0.002,0.000,0.010,0.424,0.087,0.002,3,True
16,16,0.2,8,0,0,2,2,2,0.186,0.223,0.002,0.000,0.011,0.422,0.086,0.002,3,True
16,16,0.2,7,0,0,3,3,3,0.175,0.332,0.002,0.000,0.008,0.518,0.094,0.002,4,True
16,16,0.2,6,0,0,3,3,3,0.167,0.327,0.003,0.000,0.009,0.506,0.091,0.002,4,True
16,16,0.2,9,0,0,2,2,2,0.175,0.225,0.002,0.000,0.011,0.413,0.088,0.002,3,True
16,16,0.2,7,0,0,2,2,2,0.180,0.199,0.002,0.000,0.009,0.390,0.094,0.003,3,True
16,16,0.2,9,0,0,3,3,3,0.183,0.303,0.003,0.000,0.012,0.501,0.101,0.003,4,True
16,16,0.2,6,0,0,2,2,2,0.196,0.194,0.002,0.000,0.010,0.402,0.087,0.002,3,True
16,16,0.2,6,0,0,3,3,3,0.181,0.337,0.003,0.000,0.012,0.533,0.086,0.003,4,True
32,16,0.1,9,0,0,6,6,6,0.670,1.628,0.008,0.000,0.015,2.321,0.253,0.004,7,True
32,16,0.1,15,0,0,5,5,5,0.653,1.778,0.009,0.000,0.014,2.454,0.226,0.007,6,True
32,16,0.1,14,0,0,5,5,5,0.642,1.888,0.010,0.000,0.028,2.568,0.202,0.004,6,True
32,16,0.1,11,0,0,6,6,6,0.703,1.985,0.009,0.000,0.017,2.715,0.227,0.004,7,True
32,16,0.1,15,0,0,5,5,5,0.665,1.655,0.008,0.000,0.016,2.345,0.331,0.007,6,True
32,16,0.1,14,0,0,6,6,6,0.533,1.927,0.008,0.000,0.014,2.482,0.472,0.004,7,True
32,16,0.1,12,0,0,7,7,7,0.626,2.110,0.011,0.000,0.017,2.763,0.267,0.008,8,True
32,16,0.1,12,0,0,6,6,6,0.540,1.973,0.010,0.000,0.019,2.541,0.241,0.004,7,True
32,16,0.1,17,0,0,10,10,10,0.620,2.787,0.014,0.000,0.022,3.443,0.199,0.010,11,True
32,16,0.1,12,0,0,7,7,7,0.737,2.489,0.012,0.000,0.019,3.257,0.290,0.008,8,True
32,16,0.1,16,0,0,8,8,8,0.657,2.509,0.012,0.000,0.023,3.201,0.246,0.005,9,True
32,16,0.1,19,0,0,7,7,7,0.849,2.104,0.011,0.000,0.032,2.996,0.293,0.008,8,True
32,16,0.1,11,0,0,7,7,7,0.877,2.066,0.012,0.000,0.037,2.991,0.303,0.008,8,True
32,16,0.1,13,0,0,10,10,10,0.693,2.932,0.013,0.000,0.023,3.662,0.234,0.007,11,True
32,16,0.1,20,0,0,9,9,9,0.573,3.021,0.014,0.000,0.019,3.628,0.251,0.008,10,True
32,16,0.1,17,0,0,11,11,11,0.621,3.027,0.014,0.000,0.020,3.681,0.227,0.006,12,True
32,16,0.1,13,0,0,9,9,9,0.559,3.183,0.016,0.000,0.026,3.784,0.334,0.006,10,True
32,16,0.1,16,0,0,11,11,11,0.605,3.063,0.015,0.000,0.025,3.708,0.221,0.008,12,True
32,16,0.1,15,0,0,11,11,11,0.528,3.136,0.017,0.000,0.023,3.704,0.256,0.010,12,True
32,16,0.1,16,0,0,9,9,9,0.547,3.200,0.014,0.000,0.021,3.781,0.251,0.010,10,True
32,16,0.1,20,0,0,10,10,10,0.727,3.055,0.015,0.000,0.031,3.828,0.287,0.013,11,True
32,16,0.1,15,0,0,12,12,12,0.521,3.305,0.020,0.000,0.022,3.869,0.243,0.006,13,True
32,16,0.1,11,0,0,9,9,9,0.631,3.315,0.016,0.000,0.030,3.993,0.211,0.006,10,True
32,16,0.1,18,0,0,9,9,9,0.543,3.412,0.014,0.000,0.018,3.987,0.238,0.005,10,True
32,16,0.1,15,0,0,11,11,11,0.617,3.155,0.014,0.000,0.018,3.806,0.330,0.011,12,True
32,16,0.1,18,0,0,10,10,10,0.694,2.852,0.014,0.000,0.019,3.579,0.372,0.005,11,True
32,16,0.1,14,0,0,10,10,10,0.744,2.931,0.014,0.000,0.027,3.717,0.345,0.010,11,True
32,16,0.1,12,0,0,10,10,10,0.719,3.199,0.015,0.000,0.022,3.954,0.247,0.006,11,True
32,16,0.1,18,0,0,11,11,11,0.551,3.500,0.017,0.000,0.022,4.090,0.237,0.006,12,True
32,16,0.1,16,0,0,11,11,11,0.741,2.952,0.016,0.000,0.032,3.741,0.347,0.011,12,True
32,16,0.1,21,0,0,12,12,12,0.504,3.658,0.018,0.000,0.023,4.203,0.237,0.007,13,True
32,16,0.1,13,0,0,9,9,9,0.519,3.615,0.016,0.000,0.019,4.169,0.253,0.009,10,True
32,16,0.1,15,0,0,11,11,11,0.718,3.374,0.018,0.000,0.026,4.136,0.197,0.009,12,True
32,16,0.1,17,0,0,10,10,10,0.782,3.130,0.015,0.000,0.036,3.964,0.528,0.006,11,True
32,16,0.1,13,0,0,10,10,10,0.747,2.960,0.014,0.000,0.032,3.753,0.520,0.010,12,True
32,16,0.1,16,0,0,11,11,11,0.862,3.487,0.016,0.000,0.031,4.396,0.303,0.013,12,True
32,16,0.1,18,0,0,12,12,12,0.835,3.620,0.016,0.000,0.021,4.492,0.414,0.015,13,True
32,16,0.1,21,0,0,15,15,15,0.582,3.951,0.018,0.000,0.022,4.572,0.240,0.009,16,True
32,16,0.1,20,0,0,12,12,12,0.659,3.879,0.017,0.000,0.018,4.573,0.424,0.007,13,True
32,16,0.1,17,0,0,11,11,11,0.749,3.619,0.017,0.000,0.025,4.409,0.317,0.012,12,True
32,16,0.1,17,0,0,13,13,13,0.591,4.270,0.018,0.000,0.021,4.900,0.218,0.007,14,True
32,16,0.1,17,0,0,12,12,12,0.742,3.669,0.017,0.000,0.026,4.455,0.317,0.013,13,True
32,16,0.1,16,0,0,11,11,11,0.735,3.770,0.019,0.000,0.026,4.549,0.308,0.009,12,True
32,16,0.1,15,0,0,13,13,13,0.543,4.136,0.021,0.000,0.023,4.723,0.199,0.010,14,True
32,16,0.1,17,0,0,11,11,11,0.807,3.659,0.016,0.000,0.050,4.532,0.307,0.006,12,True
32,16,0.1,22,0,0,15,15,15,0.629,4.443,0.021,0.000,0.031,5.124,0.208,0.007,16,True
32,16,0.1,18,0,0,14,14,14,0.808,3.872,0.020,0.000,0.032,4.733,0.346,0.012,15,True
32,16,0.1,21,0,0,13,13,13,0.676,4.318,0.017,0.000,0.021,5.032,0.273,0.012,14,True
32,16,0.1,18,0,0,13,13,13,0.757,3.836,0.017,0.000,0.035,4.646,0.316,0.006,14,True
32,16,0.1,19,0,0,16,16,16,0.721,3.922,0.018,0.000,0.022,4.683,0.301,0.013,17,True
32,16,0.1,24,0,0,12,12,12,0.879,3.872,0.016,0.000,0.033,4.800,0.379,0.007,14,True
32,16,0.1,21,0,0,13,13,13,0.690,4.235,0.017,0.000,0.024,4.967,0.305,0.010,14,True
32,16,0.1,21,0,0,12,12,12,0.728,4.322,0.016,0.000,0.020,5.086,0.446,0.012,14,True
32,16,0.1,19,0,0,12,12,12,0.739,3.943,0.019,0.000,0.036,4.736,0.293,0.009,13,True
32,16,0.1,19,0,0,14,14,14,0.526,4.455,0.020,0.000,0.023,5.024,0.416,0.007,15,True
32,16,0.1,21,0,0,15,15,15,0.653,4.061,0.021,0.000,0.035,4.770,0.492,0.008,16,True
32,16,0.1,22,0,0,15,15,15,0.542,4.860,0.023,0.000,0.023,5.448,0.253,0.014,16,True
32,16,0.1,18,0,0,12,12,12,0.716,4.251,0.017,0.000,0.029,5.014,0.307,0.012,13,True
32,16,0.1,21,0,0,19,19,19,0.847,4.523,0.022,0.000,0.029,5.422,0.498,0.016,21,True
32,16,0.1,27,0,0,20,20,20,0.741,8.318,0.038,0.000,0.034,9.131,0.399,0.014,49,True
32,16,0.2,26,0,0,9,9,9,0.739,2.726,0.012,0.000,0.019,3.496,0.233,0.012,10,True
32,16,0.2,27,0,0,12,12,12,0.570,4.010,0.017,0.000,0.020,4.617,0.222,0.006,13,True
32,16,0.2,28,0,0,16,16,16,0.573,4.774,0.022,0.000,0.033,5.402,0.234,0.008,17,True
32,16,0.2,27,0,0,16,16,16,0.560,4.827,0.025,0.000,0.028,5.440,0.206,0.012,17,True
32,16,0.2,31,0,0,19,19,19,0.617,5.184,0.028,0.000,0.032,5.861,0.212,0.009,20,True
32,16,0.2,33,0,0,17,17,17,0.624,5.093,0.022,0.000,0.024,5.764,0.244,0.008,18,True
32,16,0.2,34,0,0,15,15,15,0.827,5.067,0.023,0.000,0.027,5.944,0.251,0.013,16,True
32,16,0.2,31,0,0,19,19,19,0.540,5.952,0.024,0.000,0.024,6.541,0.271,0.015,20,True
32,16,0.2,26,0,0,16,16,16,0.562,5.546,0.025,0.000,0.027,6.160,0.248,0.008,17,True
32,16,0.2,38,0,0,22,22,22,0.556,5.706,0.028,0.000,0.031,6.321,0.259,0.010,23,True
32,16,0.2,21,0,0,15,15,15,0.775,5.511,0.022,0.000,0.026,6.334,0.240,0.011,16,True
32,16,0.2,28,0,0,19,19,19,0.820,5.642,0.022,0.000,0.024,6.509,0.282,0.016,20,True
32,16,0.2,29,0,0,21,21,21,0.628,6.071,0.027,0.000,0.028,6.755,0.262,0.009,22,True
32,16,0.2,28,0,0,19,19,19,0.748,5.818,0.024,0.000,0.034,6.625,0.311,0.013,20,True
32,16,0.2,26,0,0,16,16,16,0.585,6.005,0.030,0.000,0.032,6.652,0.266,0.008,17,True
32,16,0.2,25,0,0,20,20,20,0.867,5.724,0.030,0.000,0.043,6.664,0.328,0.016,21,True
32,16,0.2,23,0,0,16,16,16,0.953,5.628,0.024,0.000,0.043,6.649,0.339,0.014,17,True
32,16,0.2,40,0,0,21,21,21,0.752,6.077,0.027,0.000,0.030,6.886,0.340,0.018,22,True
32,16,0.2,32,0,0,18,18,18,0.674,6.262,0.028,0.000,0.033,6.997,0.259,0.009,19,True
32,16,0.2,40,0,0,18,18,18,0.635,6.777,0.027,0.000,0.026,7.465,0.236,0.015,19,True
32,16,0.2,34,0,0,24,24,24,0.631,6.735,0.031,0.000,0.033,7.430,0.387,0.015,26,True
32,16,0.2,33,0,0,25,25,25,0.640,6.898,0.029,0.000,0.028,7.595,0.362,0.018,26,True
32,16,0.2,36,0,0,22,22,22,0.868,6.219,0.026,0.000,0.028,7.141,0.279,0.018,23,True
32,16,0.2,31,0,0,21,21,21,0.699,6.558,0.028,0.000,0.029,7.313,0.277,0.009,22,True
32,16,0.2,31,0,0,19,19,19,0.670,6.610,0.032,0.000,0.045,7.358,0.439,0.009,20,True
32,16,0.2,39,0,0,22,22,22,0.804,6.783,0.035,0.000,0.031,7.654,0.271,0.010,23,True
32,16,0.2,32,0,0,22,22,22,0.826,6.293,0.026,0.000,0.036,7.181,0.534,0.018,23,True
32,16,0.2,30,0,0,19,19,19,1.019,6.077,0.028,0.000,0.038,7.161,0.545,0.018,20,True
32,16,0.2,34,0,0,21,21,21,0.668,6.748,0.034,0.000,0.031,7.482,0.924,0.010,36,True
32,16,0.2,26,0,0,19,19,19,1.004,6.947,0.030,0.000,0.032,8.014,0.445,0.012,20,True
32,16,0.2,37,0,0,24,24,24,0.674,7.270,0.033,0.000,0.040,8.017,0.227,0.019,25,True
32,16,0.2,29,0,0,20,20,20,0.633,7.471,0.030,0.000,0.028,8.162,0.242,0.015,21,True
32,16,0.2,33,0,0,16,16,16,0.948,6.555,0.025,0.000,0.036,7.564,0.522,0.015,17,True
32,16,0.2,32,0,0,22,22,22,0.681,7.663,0.034,0.000,0.034,8.413,0.212,0.010,23,True
32,16,0.2,33,0,0,23,23,23,0.770,7.407,0.034,0.000,0.036,8.247,0.395,0.018,34,True
32,16,0.2,30,0,0,20,20,20,0.637,7.643,0.028,0.000,0.032,8.341,0.235,0.009,21,True
32,16,0.2,38,0,0,20,20,20,0.738,7.263,0.029,0.000,0.046,8.076,0.330,0.016,21,True
32,16,0.2,31,0,0,21,21,21,0.982,7.414,0.030,0.000,0.035,8.462,0.287,0.016,22,True
32,16,0.2,36,0,0,20,20,20,0.922,7.313,0.034,0.000,0.050,8.318,0.320,0.016,21,True
32,16,0.2,31,0,0,23,23,23,0.728,7.756,0.034,0.000,0.035,8.553,0.480,0.011,24,True
32,16,0.2,29,0,0,25,25,25,0.825,7.276,0.034,0.000,0.044,8.180,0.523,0.019,26,True
32,16,0.2,38,0,0,27,27,27,0.665,8.377,0.034,0.000,0.033,9.110,0.243,0.015,28,True
32,16,0.2,33,0,0,24,24,24,0.716,7.856,0.037,0.000,0.051,8.660,0.308,0.010,25,True
32,16,0.2,32,0,0,24,24,24,0.553,7.879,0.035,0.000,0.047,8.514,0.538,0.010,25,True
32,16,0.2,36,0,0,27,27,27,0.595,8.178,0.035,0.000,0.038,8.846,0.416,0.012,28,True
32,16,0.2,36,0,0,29,29,29,0.727,8.060,0.036,0.000,0.032,8.857,0.323,0.021,30,True
32,16,0.2,42,0,0,27,27,27,0.742,8.390,0.036,0.000,0.034,9.202,0.366,0.023,28,True
32,16,0.2,38,0,0,24,24,24,0.678,8.245,0.037,0.000,0.042,9.002,0.326,0.020,25,True
32,16,0.2,38,0,0,26,26,26,0.647,8.471,0.036,0.000,0.036,9.190,0.320,0.018,27,True
32,16,0.2,36,0,0,24,24,24,0.837,8.517,0.037,0.000,0.040,9.431,0.227,0.011,25,True
32,16,0.2,41,0,0,28,28,28,0.819,8.277,0.036,0.000,0.033,9.165,0.442,0.023,29,True
32,16,0.2,36,0,0,25,25,25,0.931,7.670,0.034,0.000,0.056,8.691,0.541,0.022,28,True
32,16,0.2,38,0,0,27,27,27,0.628,8.539,0.037,0.000,0.037,9.240,0.337,0.017,28,True
32,16,0.2,34,0,0,25,25,25,0.912,8.302,0.033,0.000,0.039,9.285,0.398,0.021,26,True
32,16,0.2,44,0,0,26,26,26,0.958,8.100,0.036,0.000,0.054,9.148,0.302,0.020,27,True
32,16,0.2,40,0,0,25,25,25,0.581,9.026,0.036,0.000,0.039,9.682,0.347,0.011,26,True
32,16,0.2,39,0,0,27,27,27,0.939,8.775,0.038,0.000,0.037,9.790,0.322,0.021,28,True
32,16,0.2,38,0,0,20,20,20,0.644,12.529,0.051,0.000,0.046,13.270,0.402,0.017,94,True
32,16,0.2,45,0,0,30,30,30,1.002,13.174,0.056,0.001,0.053,14.287,1.075,0.014,62,True
32,16,0.2,39,0,0,26,26,26,1.101,20.780,0.096,0.001,0.076,22.053,1.037,0.022,222,True
32,32,0.1,22,0,0,14,14,14,2.129,26.210,0.033,0.000,0.033,28.405,1.859,0.027,15,True
32,32,0.1,25,0,0,19,19,19,2.827,33.790,0.039,0.000,0.027,36.683,1.536,0.023,20,True
32,32,0.1,31,0,0,22,22,22,2.128,36.654,0.049,0.000,0.035,38.866,1.084,0.041,23,True
32,32,0.1,26,0,0,22,22,22,2.161,36.723,0.049,0.000,0.033,38.966,1.570,0.034,23,True
32,32,0.1,27,0,0,22,22,22,2.507,37.280,0.050,0.000,0.033,39.870,1.165,0.028,23,True
32,32,0.1,27,0,0,23,23,23,2.203,38.022,0.052,0.000,0.035,40.311,1.466,0.028,24,True
32,32,0.1,29,0,0,21,21,21,2.061,37.778,0.044,0.000,0.033,39.916,1.971,0.028,22,True
32,32,0.1,28,0,0,20,20,20,2.332,37.784,0.048,0.000,0.038,40.203,1.934,0.018,21,True
32,32,0.1,29,0,0,21,21,21,3.055,37.187,0.047,0.000,0.028,40.318,1.931,0.023,22,True
32,32,0.1,32,0,0,24,24,24,2.356,39.257,0.055,0.000,0.031,41.699,1.603,0.029,25,True
32,32,0.1,30,0,0,22,22,22,2.074,37.986,0.046,0.000,0.030,40.136,2.678,0.033,23,True
32,32,0.1,35,0,0,20,20,20,3.016,38.199,0.045,0.000,0.036,41.297,1.604,0.040,21,True
32,32,0.1,31,0,0,23,23,23,2.591,39.447,0.049,0.000,0.039,42.126,1.398,0.037,24,True
32,32,0.1,30,0,0,23,23,23,2.676,40.173,0.051,0.000,0.032,42.934,1.291,0.024,24,True
32,32,0.1,26,0,0,24,24,24,2.545,40.287,0.054,0.000,0.040,42.926,1.683,0.033,25,True
32,32,0.1,34,0,0,19,19,19,3.155,38.403,0.044,0.000,0.033,41.635,2.690,0.029,20,True
32,32,0.1,30,0,0,23,23,23,2.526,42.753,0.049,0.000,0.031,45.358,1.122,0.034,24,True
32,32,0.1,31,0,0,23,23,23,2.676,40.862,0.048,0.000,0.032,43.618,2.173,0.033,24,True
32,32,0.1,33,0,0,26,26,26,2.285,43.166,0.052,0.000,0.035,45.539,1.644,0.038,27,True
32,32,0.1,33,0,0,27,27,27,2.387,43.146,0.055,0.000,0.034,45.622,1.669,0.042,28,True
32,32,0.1,31,0,0,26,26,26,1.990,43.076,0.059,0.000,0.038,45.164,2.377,0.030,27,True
32,32,0.1,37,0,0,28,28,28,2.469,44.898,0.063,0.000,0.038,47.469,1.263,0.033,29,True
32,32,0.1,29,0,0,20,20,20,2.992,42.916,0.048,0.000,0.036,45.993,2.097,0.042,21,True
32,32,0.1,33,0,0,25,25,25,2.126,43.832,0.056,0.000,0.038,46.052,1.919,0.040,26,True
32,32,0.1,37,0,0,27,27,27,1.993,44.678,0.056,0.000,0.043,46.771,2.406,0.044,29,True
32,32,0.1,34,0,0,27,27,27,2.401,45.304,0.054,0.000,0.035,47.793,1.536,0.050,28,True
32,32,0.1,37,0,0,29,29,29,2.255,45.949,0.058,0.000,0.041,48.303,1.669,0.050,30,True
32,32,0.1,32,0,0,27,27,27,2.774,44.826,0.058,0.000,0.043,47.702,1.740,0.034,28,True
32,32,0.1,37,0,0,28,28,28,3.404,44.364,0.058,0.000,0.042,47.868,1.528,0.035,29,True
32,32,0.1,35,0,0,29,29,29,2.518,45.497,0.061,0.000,0.041,48.117,1.829,0.029,30,True
32,32,0.1,38,0,0,29,29,29,2.253,45.951,0.055,0.000,0.039,48.299,1.620,0.024,30,True
32,32,0.1,37,0,0,29,29,29,2.125,46.230,0.055,0.000,0.036,48.446,1.862,0.044,30,True
32,32,0.1,38,0,0,28,28,28,2.782,45.842,0.058,0.000,0.041,48.723,1.706,0.024,29,True
32,32,0.1,39,0,0,28,28,28,3.434,44.841,0.055,0.000,0.034,48.363,2.152,0.043,29,True
32,32,0.1,34,0,0,23,23,23,2.776,46.391,0.054,0.000,0.035,49.256,2.003,0.028,24,True
32,32,0.1,35,0,0,31,31,31,2.636,47.559,0.064,0.000,0.042,50.301,1.935,0.026,32,True
32,32,0.1,31,0,0,30,30,30,2.414,48.594,0.063,0.000,0.039,51.110,1.387,0.032,31,True
32,32,0.1,31,0,0,22,22,22,2.240,46.911,0.052,0.000,0.037,49.240,2.868,0.020,25,True
32,32,0.1,32,0,0,25,25,25,2.740,48.478,0.056,0.000,0.037,51.311,1.137,0.044,26,True
32,32,0.1,30,0,0,22,22,22,2.150,47.453,0.050,0.000,0.035,49.688,2.645,0.041,23,True
32,32,0.1,35,0,0,31,31,31,2.424,46.806,0.061,0.000,0.041,49.332,3.176,0.029,40,True
32,32,0.1,42,0,0,33,33,33,2.501,49.829,0.066,0.000,0.047,52.444,1.191,0.037,34,True
32,32,0.1,33,0,0,25,25,25,3.097,48.280,0.055,0.000,0.036,51.468,1.504,0.031,26,True
32,32,0.1,30,0,0,26,26,26,2.464,48.978,0.063,0.000,0.040,51.546,1.840,0.038,27,True
32,32,0.1,33,0,0,31,31,31,2.958,49.869,0.065,0.000,0.046,52.939,1.399,0.051,32,True
32,32,0.1,47,0,0,35,35,35,2.688,50.205,0.066,0.000,0.041,53.001,1.566,0.051,36,True
32,32,0.1,35,0,0,28,28,28,3.136,48.875,0.064,0.000,0.045,52.119,2.339,0.046,29,True
32,32,0.1,29,0,0,25,25,25,3.018,49.367,0.056,0.000,0.042,52.483,2.034,0.039,26,True
32,32,0.1,40,0,0,34,34,34,2.506,50.740,0.069,0.000,0.044,53.360,1.645,0.033,35,True
32,32,0.1,42,0,0,33,33,33,2.758,51.270,0.067,0.000,0.043,54.138,1.924,0.032,34,True
32,32,0.1,42,0,0,34,34,34,2.673,52.588,0.069,0.000,0.043,55.374,1.212,0.040,35,True
32,32,0.1,35,0,0,29,29,29,2.521,53.353,0.063,0.000,0.045,55.984,1.165,0.050,30,True
32,32,0.1,33,0,0,27,27,27,3.280,51.435,0.053,0.000,0.041,54.809,2.940,0.047,28,True
32,32,0.1,48,0,0,35,35,35,2.799,54.403,0.079,0.001,0.046,57.328,1.782,0.039,36,True
32,32,0.1,36,0,0,31,31,31,3.052,54.717,0.064,0.000,0.044,57.877,2.934,0.062,32,True
32,32,0.1,40,0,0,33,33,33,3.122,56.966,0.068,0.000,0.045,60.202,1.959,0.046,34,True
32,32,0.1,42,0,0,36,36,36,2.541,59.401,0.075,0.001,0.049,62.066,1.385,0.058,37,True
32,32,0.1,43,0,0,36,36,36,3.071,57.923,0.071,0.001,0.051,61.116,2.976,0.069,37,True
32,32,0.1,52,0,0,38,38,38,3.123,61.444,0.075,0.001,0.056,64.698,2.797,0.055,40,True
32,32,0.1,31,0,0,25,25,25,2.735,66.087,0.091,0.000,0.058,68.972,2.670,0.047,92,True
32,32,0.2,60,0,0,37,37,37,2.306,66.273,0.079,0.001,0.044,68.702,1.597,0.047,38,True
32,32,0.2,51,0,0,39,39,39,2.842,70.522,0.086,0.001,0.049,73.499,1.511,0.062,40,True
32,32,0.2,55,0,0,36,36,36,2.592,70.740,0.084,0.001,0.052,73.469,2.174,0.040,37,True
32,32,0.2,61,0,0,44,44,44,2.196,74.122,0.092,0.001,0.051,76.463,1.890,0.037,45,True
32,32,0.2,58,0,0,44,44,44,3.399,75.328,0.091,0.001,0.054,78.872,1.400,0.052,45,True
32,32,0.2,71,0,0,46,46,46,2.585,78.732,0.091,0.001,0.050,81.460,1.271,0.087,47,True
32,32,0.2,67,0,0,45,45,45,2.662,79.594,0.103,0.001,0.054,82.413,1.150,0.042,46,True
32,32,0.2,65,0,0,47,47,47,3.281,77.937,0.098,0.001,0.055,81.371,1.591,0.069,48,True
32,32,0.2,69,0,0,48,48,48,2.683,78.070,0.098,0.001,0.055,80.907,2.375,0.065,49,True
32,32,0.2,55,0,0,43,43,43,3.492,76.910,0.090,0.001,0.056,80.548,2.686,0.060,44,True
32,32,0.2,69,0,0,47,47,47,2.780,79.074,0.098,0.001,0.056,82.009,1.537,0.130,48,True
32,32,0.2,57,0,0,45,45,45,3.323,79.387,0.095,0.001,0.053,82.858,1.408,0.080,46,True
32,32,0.2,64,0,0,47,47,47,2.618,80.648,0.104,0.001,0.058,83.429,2.234,0.038,48,True
32,32,0.2,66,0,0,48,48,48,2.345,81.648,0.098,0.001,0.054,84.147,1.870,0.042,49,True
32,32,0.2,78,0,0,50,50,50,3.072,83.080,0.101,0.001,0.051,86.306,1.235,0.133,51,True
32,32,0.2,68,0,0,46,46,46,3.543,81.700,0.101,0.001,0.054,85.399,2.205,0.068,47,True
32,32,0.2,73,0,0,48,48,48,2.569,86.320,0.113,0.001,0.061,89.064,1.418,0.042,49,True
32,32,0.2,70,0,0,50,50,50,3.007,85.671,0.104,0.001,0.057,88.840,2.092,0.039,51,True
32,32,0.2,66,0,0,49,49,49,3.175,85.286,0.097,0.001,0.052,88.610,2.941,0.083,50,True
32,32,0.2,52,0,0,41,41,41,2.442,85.281,0.087,0.001,0.056,87.868,3.289,0.039,43,True
32,32,0.2,69,0,0,47,47,47,3.050,86.726,0.103,0.001,0.055,89.936,2.640,0.069,48,True
32,32,0.2,62,0,0,52,52,52,2.359,88.265,0.116,0.001,0.059,90.799,2.617,0.067,59,True
32,32,0.2,75,0,0,52,52,52,2.275,88.842,0.110,0.001,0.057,91.285,2.290,0.060,53,True
32,32,0.2,66,0,0,47,47,47,2.561,87.576,0.107,0.001,0.060,90.306,2.475,0.064,48,True
32,32,0.2,71,0,0,52,52,52,2.460,89.322,0.105,0.001,0.053,91.942,2.468,0.081,54,True
32,32,0.2,70,0,0,48,48,48,3.231,89.588,0.104,0.001,0.059,92.983,3.083,0.062,49,True
32,32,0.2,77,0,0,54,54,54,2.772,91.695,0.109,0.001,0.058,94.635,2.115,0.077,55,True
32,32,0.2,59,0,0,49,49,49,2.847,93.767,0.102,0.001,0.056,96.774,1.207,0.040,50,True
32,32,0.2,66,0,0,47,47,47,3.379,93.033,0.108,0.001,0.071,96.592,1.298,0.065,48,True
32,32,0.2,71,0,0,52,52,52,2.367,92.843,0.114,0.001,0.058,95.384,2.508,0.043,53,True
32,32,0.2,64,0,0,52,52,52,2.744,91.136,0.107,0.001,0.055,94.042,4.676,0.043,55,True
32,32,0.2,70,0,0,58,58,58,2.620,92.550,0.112,0.001,0.060,95.343,3.144,0.050,60,True
32,32,0.2,64,0,0,48,48,48,2.453,94.080,0.102,0.001,0.056,96.692,2.204,0.043,49,True
32,32,0.2,68,0,0,50,50,50,2.975,92.840,0.109,0.001,0.063,95.987,4.438,0.070,52,True
32,32,0.2,68,0,0,55,55,55,3.730,95.922,0.123,0.001,0.070,99.847,1.491,0.090,56,True
32,32,0.2,63,0,0,52,52,52,2.626,96.842,0.109,0.001,0.058,99.636,3.561,0.153,53,True
32,32,0.2,67,0,0,50,50,50,3.166,98.108,0.104,0.001,0.060,101.438,2.912,0.073,52,True
32,32,0.2,71,0,0,53,53,53,2.928,97.110,0.122,0.001,0.070,100.231,3.529,0.074,60,True
32,32,0.2,71,0,0,58,58,58,2.544,107.180,0.123,0.001,0.071,109.919,2.056,0.069,59,True
32,32,0.2,69,0,0,58,58,58,3.490,107.057,0.114,0.001,0.071,110.733,6.517,0.072,70,True
32,32,0.2,73,0,0,61,61,61,2.795,118.975,0.134,0.001,0.068,121.972,6.278,0.082,88,True
32,32,0.2,76,0,0,59,59,59,3.132,127.518,0.142,0.001,0.081,130.875,6.018,0.082,118,True
32,32,0.2,78,0,0,61,61,61,2.917,130.599,0.161,0.001,0.086,133.764,4.496,0.049,131,True
32,32,0.2,65,0,0,52,52,52,3.126,127.985,0.138,0.001,0.088,131.337,12.619,0.056,114,True
32,32,0.2,65,0,0,53,53,53,2.747,145.304,0.191,0.002,0.097,148.340,3.055,0.052,122,True
32,32,0.2,61,0,0,50,50,50,2.741,140.462,0.162,0.001,0.081,143.448,9.935,0.054,171,True
32,32,0.2,64,0,0,55,55,55,3.007,169.448,0.209,0.002,0.126,172.793,10.734,0.060,137,True
32,32,0.2,61,0,0,50,50,50,3.095,204.757,0.260,0.002,0.133,208.247,11.473,0.052,250,True
32,32,0.2,72,0,0,55,55,55,2.552,221.662,0.309,0.003,0.145,224.671,5.046,0.047,223,True
32,32,0.2,78,0,0,63,63,63,2.720,261.541,0.354,0.003,0.174,264.792,9.258,0.070,351,True
32,32,0.2,74,0,0,56,56,56,2.836,296.728,0.382,0.002,0.196,300.145,6.671,0.064,494,True
32,32,0.2,62,0,0,47,47,47,3.707,486.147,0.732,0.005,0.329,490.920,3.564,0.062,968,True
32,32,0.2,61,0,0,48,48,48,4.439,547.530,0.793,0.006,0.388,553.155,5.313,0.078,927,True
32,32,0.2,64,0,0,57,57,57,5.225,1249.316,1.876,0.012,0.894,1257.323,8.523,0.050,2657,True
64,16,0.1,20,0,0,9,9,9,1.156,6.756,0.021,0.000,0.019,7.952,0.571,0.020,10,True
64,16,0.1,16,0,0,8,8,8,1.229,6.542,0.020,0.000,0.018,7.809,0.914,0.013,9,True
64,16,0.1,15,0,0,10,10,10,1.134,7.064,0.021,0.000,0.022,8.242,0.684,0.010,11,True
64,16,0.1,18,0,0,8,8,8,1.260,7.083,0.023,0.000,0.026,8.392,0.700,0.009,9,True
64,16,0.1,20,0,0,11,11,11,1.186,7.414,0.023,0.000,0.022,8.646,0.489,0.029,12,True
64,16,0.1,16,0,0,9,9,9,1.408,6.678,0.021,0.000,0.021,8.129,0.815,0.062,10,True
64,16,0.1,26,0,0,10,10,10,1.048,7.499,0.022,0.000,0.023,8.592,0.645,0.013,11,True
64,16,0.1,18,0,0,10,10,10,1.482,7.312,0.025,0.000,0.023,8.843,0.557,0.019,11,True
64,16,0.1,19,0,0,8,8,8,1.054,6.773,0.019,0.000,0.018,7.864,1.109,0.012,9,True
64,16,0.1,23,0,0,11,11,11,1.075,7.658,0.022,0.000,0.021,8.776,0.687,0.018,12,True
64,16,0.1,17,0,0,10,10,10,0.982,7.475,0.022,0.000,0.018,8.497,0.797,0.009,11,True
64,16,0.1,20,0,0,9,9,9,1.372,6.511,0.020,0.000,0.031,7.933,0.678,0.187,10,True
64,16,0.1,14,0,0,9,9,9,1.071,7.780,0.022,0.000,0.020,8.894,0.656,0.017,10,True
64,16,0.1,16,0,0,9,9,9,1.436,7.247,0.024,0.000,0.024,8.732,0.568,0.025,10,True
64,16,0.1,22,0,0,10,10,10,1.604,7.290,0.022,0.000,0.022,8.939,0.583,0.138,11,True
64,16,0.1,21,0,0,10,10,10,1.487,7.604,0.022,0.000,0.021,9.134,0.482,0.233,11,True
64,16,0.1,19,0,0,11,11,11,0.896,8.160,0.022,0.000,0.019,9.098,0.585,0.139,12,True
64,16,0.1,18,0,0,10,10,10,1.212,7.773,0.021,0.000,0.020,9.026,0.678,0.013,11,True
64,16,0.1,20,0,0,10,10,10,1.150,8.406,0.028,0.000,0.021,9.604,0.544,0.020,11,True
64,16,0.1,27,0,0,10,10,10,1.333,7.924,0.022,0.000,0.026,9.304,0.657,0.158,11,True
64,16,0.1,21,0,0,13,13,13,1.472,8.882,0.029,0.000,0.019,10.402,0.438,0.015,14,True
64,16,0.1,27,0,0,13,13,13,1.134,8.885,0.028,0.000,0.024,10.071,0.722,0.016,14,True
64,16,0.1,20,0,0,12,12,12,0.953,9.054,0.027,0.000,0.020,10.054,0.684,0.023,13,True
64,16,0.1,22,0,0,11,11,11,1.540,8.549,0.024,0.000,0.024,10.137,0.603,0.021,12,True
64,16,0.1,26,0,0,13,13,13,0.917,9.869,0.030,0.000,0.023,10.839,0.426,0.016,14,True
64,16,0.1,20,0,0,10,10,10,1.551,8.252,0.021,0.000,0.024,9.848,0.728,0.017,11,True
64,16,0.1,19,0,0,12,12,12,1.067,8.708,0.026,0.000,0.023,9.824,1.165,0.063,14,True
64,16,0.1,26,0,0,13,13,13,1.068,8.932,0.024,0.000,0.021,10.046,0.933,0.031,14,True
64,16,0.1,23,0,0,12,12,12,1.540,8.364,0.024,0.000,0.023,9.950,0.617,0.022,13,True
64,16,0.1,18,0,0,10,10,10,1.545,7.999,0.023,0.000,0.018,9.584,1.197,0.020,11,True
64,16,0.1,22,0,0,13,13,13,1.235,9.027,0.028,0.000,0.022,10.311,0.751,0.022,14,True
64,16,0.1,20,0,0,11,11,11,1.096,9.449,0.025,0.000,0.021,10.592,0.568,0.010,12,True
64,16,0.1,19,0,0,12,12,12,1.577,8.526,0.025,0.000,0.025,10.154,1.071,0.157,13,True
64,16,0.1,19,0,0,13,13,13,1.419,9.023,0.024,0.000,0.025,10.491,1.006,0.011,14,True
64,16,0.1,23,0,0,11,11,11,1.395,9.590,0.025,0.000,0.030,11.040,0.618,0.027,12,True
64,16,0.1,29,0,0,15,15,15,0.966,10.120,0.030,0.000,0.027,11.143,1.028,0.021,18,True
64,16,0.1,21,0,0,12,12,12,1.645,9.550,0.026,0.000,0.022,11.243,0.726,0.021,13,True
64,16,0.1,27,0,0,16,16,16,1.562,10.209,0.031,0.000,0.026,11.828,0.593,0.016,17,True
64,16,0.1,22,0,0,15,15,15,0.992,10.202,0.028,0.000,0.027,11.249,0.602,0.035,16,True
64,16,0.1,21,0,0,13,13,13,1.606,9.022,0.025,0.000,0.024,10.677,1.273,0.024,14,True
64,16,0.1,28,0,0,13,13,13,1.000,10.464,0.027,0.000,0.020,11.511,0.667,0.015,14,True
64,16,0.1,20,0,0,12,12,12,1.599,10.359,0.025,0.000,0.023,12.006,0.601,0.014,13,True
64,16,0.1,33,0,0,16,16,16,1.300,10.565,0.031,0.000,0.031,11.927,0.681,0.017,17,True
64,16,0.1,26,0,0,17,17,17,1.488,11.097,0.034,0.000,0.029,12.648,0.706,0.018,18,True
64,16,0.1,25,0,0,15,15,15,1.475,10.541,0.032,0.000,0.024,12.072,0.765,0.017,16,True
64,16,0.1,24,0,0,14,14,14,1.251,11.313,0.033,0.000,0.032,12.629,0.598,0.019,15,True
64,16,0.1,23,0,0,14,14,14,0.965,11.702,0.029,0.000,0.023,12.719,0.571,0.015,15,True
64,16,0.1,23,0,0,14,14,14,1.237,10.759,0.028,0.000,0.036,12.061,0.766,0.026,15,True
64,16,0.1,27,0,0,16,16,16,1.090,11.409,0.033,0.000,0.025,12.557,0.718,0.048,17,True
64,16,0.1,33,0,0,17,17,17,1.057,11.307,0.033,0.000,0.023,12.419,1.034,0.021,18,True
64,16,0.1,26,0,0,13,13,13,1.154,10.982,0.025,0.000,0.033,12.195,0.919,0.014,14,True
64,16,0.1,23,0,0,15,15,15,1.654,11.102,0.028,0.000,0.028,12.811,0.578,0.020,16,True
64,16,0.1,33,0,0,17,17,17,1.440,11.173,0.034,0.000,0.029,12.677,0.642,0.175,18,True
64,16,0.1,25,0,0,16,16,16,1.596,11.640,0.032,0.000,0.030,13.298,0.665,0.026,17,True
64,16,0.1,24,0,0,17,17,17,1.046,11.877,0.030,0.000,0.025,12.979,0.616,0.012,18,True
64,16,0.1,35,0,0,22,22,22,0.830,13.195,0.037,0.000,0.023,14.085,0.899,0.161,24,True
64,16,0.1,22,0,0,17,17,17,1.544,11.138,0.036,0.000,0.039,12.756,2.117,0.752,24,True
64,16,0.1,26,0,0,18,18,18,1.494,13.601,0.044,0.000,0.038,15.176,1.720,0.062,44,True
64,16,0.1,26,0,0,15,15,15,1.231,14.743,0.050,0.000,0.031,16.054,1.047,0.157,33,True
64,16,0.1,25,0,0,15,15,15,1.565,15.530,0.051,0.000,0.040,17.186,1.170,0.024,34,True
64,16,0.2,40,0,0,17,17,17,1.034,13.795,0.041,0.000,0.026,14.896,0.487,0.258,18,True
64,16,0.2,39,0,0,17,17,17,1.102,14.342,0.040,0.000,0.033,15.517,0.543,0.025,18,True
64,16,0.2,37,0,0,19,19,19,1.450,13.875,0.041,0.000,0.035,15.402,0.796,0.053,20,True
64,16,0.2,35,0,0,21,21,21,1.057,15.248,0.045,0.000,0.031,16.381,0.516,0.019,22,True
64,16,0.2,44,0,0,22,22,22,1.026,15.632,0.043,0.000,0.032,16.733,0.569,0.020,23,True
64,16,0.2,46,0,0,17,17,17,1.295,14.253,0.042,0.000,0.030,15.619,1.004,0.047,18,True
64,16,0.2,40,0,0,21,21,21,1.459,15.051,0.045,0.000,0.032,16.587,0.875,0.033,22,True
64,16,0.2,46,0,0,18,18,18,1.034,16.332,0.036,0.000,0.026,17.428,0.543,0.017,19,True
64,16,0.2,44,0,0,20,20,20,1.486,15.372,0.046,0.000,0.033,16.937,0.872,0.025,21,True
64,16,0.2,43,0,0,21,21,21,1.340,15.491,0.043,0.000,0.040,16.914,1.151,0.020,22,True
64,16,0.2,52,0,0,21,21,21,1.332,15.797,0.045,0.000,0.034,17.209,0.854,0.026,22,True
64,16,0.2,41,0,0,21,21,21,1.363,17.079,0.053,0.000,0.036,18.531,0.532,0.019,22,True
64,16,0.2,34,0,0,20,20,20,1.485,16.152,0.048,0.000,0.037,17.722,1.245,0.070,21,True
64,16,0.2,42,0,0,21,21,21,1.614,16.725,0.047,0.000,0.033,18.420,0.507,0.278,22,True
64,16,0.2,45,0,0,24,24,24,1.304,17.006,0.043,0.000,0.039,18.391,0.673,0.145,25,True
64,16,0.2,45,0,0,24,24,24,1.424,17.652,0.044,0.000,0.032,19.152,0.473,0.021,25,True
64,16,0.2,35,0,0,22,22,22,1.170,17.557,0.047,0.000,0.032,18.807,0.844,0.062,23,True
64,16,0.2,43,0,0,25,25,25,0.992,18.498,0.054,0.000,0.033,19.577,0.731,0.051,26,True
64,16,0.2,52,0,0,24,24,24,0.926,18.807,0.050,0.000,0.037,19.820,0.518,0.033,25,True
64,16,0.2,44,0,0,24,24,24,1.183,18.665,0.052,0.000,0.038,19.937,0.527,0.018,25,True
64,16,0.2,52,0,0,25,25,25,1.175,18.986,0.053,0.000,0.040,20.254,0.486,0.026,26,True
64,16,0.2,41,0,0,24,24,24,1.280,18.201,0.053,0.000,0.041,19.575,0.804,0.026,25,True
64,16,0.2,58,0,0,26,26,26,1.013,19.174,0.055,0.000,0.032,20.275,0.599,0.022,27,True
64,16,0.2,37,0,0,24,24,24,1.283,18.508,0.050,0.000,0.036,19.877,0.825,0.016,25,True
64,16,0.2,50,0,0,26,26,26,1.126,19.125,0.051,0.000,0.033,20.335,0.573,0.021,27,True
64,16,0.2,42,0,0,21,21,21,1.166,19.672,0.044,0.000,0.033,20.915,0.445,0.021,22,True
64,16,0.2,49,0,0,24,24,24,1.314,19.144,0.056,0.000,0.036,20.550,0.671,0.053,25,True
64,16,0.2,56,0,0,25,25,25,1.428,18.188,0.053,0.000,0.038,19.707,1.567,0.050,27,True
64,16,0.2,45,0,0,25,25,25,1.560,18.748,0.048,0.000,0.035,20.392,0.798,0.027,26,True
64,16,0.2,46,0,0,25,25,25,1.262,19.315,0.053,0.000,0.037,20.666,0.676,0.035,26,True
64,16,0.2,45,0,0,25,25,25,1.238,18.980,0.052,0.000,0.037,20.307,0.958,0.052,26,True
64,16,0.2,43,0,0,24,24,24,1.727,18.153,0.049,0.000,0.038,19.967,1.221,0.150,25,True
64,16,0.2,46,0,0,26,26,26,1.496,19.220,0.051,0.000,0.037,20.805,0.712,0.027,27,True
64,16,0.2,49,0,0,26,26,26,1.313,19.617,0.055,0.000,0.037,21.022,0.808,0.027,27,True
64,16,0.2,43,0,0,20,20,20,1.228,20.094,0.046,0.000,0.032,21.400,1.012,0.018,21,True
64,16,0.2,55,0,0,28,28,28,1.033,20.231,0.055,0.000,0.036,21.355,0.466,0.276,29,True
64,16,0.2,42,0,0,21,21,21,1.590,19.649,0.043,0.000,0.036,21.318,0.770,0.026,22,True
64,16,0.2,50,0,0,27,27,27,1.426,19.776,0.054,0.000,0.037,21.293,0.982,0.057,28,True
64,16,0.2,39,0,0,21,21,21,1.449,20.743,0.050,0.000,0.033,22.275,0.739,0.028,22,True
64,16,0.2,48,0,0,27,27,27,1.513,20.382,0.057,0.000,0.039,21.991,1.166,0.066,28,True
64,16,0.2,53,0,0,28,28,28,1.490,20.358,0.053,0.000,0.043,21.944,0.823,0.203,29,True
64,16,0.2,42,0,0,22,22,22,1.541,20.900,0.049,0.000,0.042,22.533,0.585,0.028,23,True
64,16,0.2,55,0,0,33,33,33,1.143,21.572,0.065,0.000,0.044,22.824,0.767,0.026,34,True
64,16,0.2,55,0,0,29,29,29,1.547,21.216,0.055,0.000,0.039,22.858,0.815,0.040,30,True
64,16,0.2,44,0,0,25,25,25,1.350,21.518,0.051,0.000,0.039,22.958,0.844,0.028,26,True
64,16,0.2,55,0,0,31,31,31,1.616,21.725,0.061,0.000,0.043,23.446,0.611,0.038,32,True
64,16,0.2,57,0,0,28,28,28,1.059,22.810,0.051,0.000,0.037,23.957,0.517,0.018,29,True
64,16,0.2,47,0,0,22,22,22,1.028,18.090,0.048,0.000,0.039,19.205,1.940,1.791,39,True
64,16,0.2,49,0,0,26,26,26,1.615,22.234,0.051,0.000,0.041,23.941,0.583,0.040,27,True
64,16,0.2,54,0,0,25,25,25,1.312,21.763,0.050,0.000,0.039,23.165,0.784,0.276,26,True
64,16,0.2,44,0,0,20,20,20,1.090,15.928,0.040,0.000,0.035,17.094,1.451,3.771,28,True
64,16,0.2,44,0,0,26,26,26,1.501,22.832,0.051,0.000,0.049,24.433,1.203,0.034,34,True
64,16,0.2,48,0,0,32,32,32,1.631,20.464,0.058,0.000,0.042,22.195,3.886,0.091,34,True
64,16,0.2,60,0,0,32,32,32,1.585,25.041,0.061,0.000,0.043,26.729,0.796,0.034,33,True
64,16,0.2,51,0,0,34,34,34,1.280,26.369,0.065,0.000,0.047,27.762,0.595,0.050,35,True
64,16,0.2,43,0,0,24,24,24,1.424,26.225,0.081,0.000,0.052,27.782,0.925,0.069,53,True
64,16,0.2,37,0,0,24,24,24,1.121,27.806,0.091,0.001,0.058,29.076,1.262,0.229,56,True
64,16,0.2,50,0,0,27,27,27,1.457,34.407,0.103,0.001,0.053,36.021,1.074,0.054,91,True
64,16,0.2,40,0,0,24,24,24,1.521,45.615,0.144,0.001,0.072,47.352,4.731,0.474,185,True
64,16,0.2,59,0,0,31,31,31,1.560,41.720,0.140,0.001,0.080,43.500,3.251,3.532,104,True
64,32,0.1,20,0,0,12,12,12,5.470,56.041,0.039,0.000,0.025,61.575,3.454,0.044,13,True
64,32,0.1,18,0,0,13,13,13,4.506,59.567,0.044,0.000,0.025,64.142,3.339,0.035,14,True
64,32,0.1,22,0,0,15,15,15,4.177,66.709,0.050,0.000,0.026,70.962,3.776,0.043,16,True
64,32,0.1,27,0,0,14,14,14,4.413,67.103,0.048,0.000,0.026,71.590,3.615,0.042,15,True
64,32,0.1,30,0,0,16,16,16,4.417,73.221,0.051,0.000,0.027,77.716,4.117,0.025,17,True
64,32,0.1,33,0,0,15,15,15,5.273,72.709,0.057,0.000,0.036,78.074,4.925,0.030,16,True
64,32,0.1,26,0,0,17,17,17,4.019,76.190,0.054,0.000,0.027,80.290,3.718,0.034,18,True
64,32,0.1,36,0,0,17,17,17,4.752,78.128,0.053,0.000,0.027,82.960,4.154,0.045,18,True
64,32,0.1,23,0,0,17,17,17,6.009,75.876,0.051,0.000,0.025,81.962,3.888,0.039,18,True
64,32,0.1,28,0,0,15,15,15,4.809,78.497,0.048,0.000,0.028,83.382,4.264,0.030,16,True
64,32,0.1,34,0,0,19,19,19,4.445,84.069,0.061,0.000,0.030,88.606,3.181,0.044,20,True
64,32,0.1,37,0,0,18,18,18,5.174,82.883,0.064,0.000,0.032,88.153,3.511,0.027,19,True
64,32,0.1,33,0,0,19,19,19,4.312,85.205,0.065,0.000,0.029,89.612,3.771,0.029,20,True
64,32,0.1,24,0,0,19,19,19,4.181,86.987,0.066,0.000,0.027,91.261,3.025,0.029,20,True
64,32,0.1,29,0,0,20,20,20,5.778,87.475,0.062,0.000,0.032,93.347,3.493,0.045,21,True
64,32,0.1,32,0,0,20,20,20,4.871,90.619,0.063,0.000,0.030,95.583,3.696,0.032,21,True
64,32,0.1,23,0,0,17,17,17,4.718,90.593,0.061,0.000,0.036,95.409,3.597,0.034,18,True
64,32,0.1,31,0,0,22,22,22,4.623,92.750,0.072,0.000,0.032,97.476,3.564,0.031,23,True
64,32,0.1,34,0,0,20,20,20,4.727,91.085,0.062,0.000,0.034,95.908,3.931,0.038,21,True
64,32,0.1,30,0,0,18,18,18,5.516,92.358,0.056,0.000,0.031,97.961,3.760,0.051,19,True
64,32,0.1,31,0,0,21,21,21,5.388,93.036,0.062,0.000,0.027,98.513,4.101,0.054,22,True
64,32,0.1,28,0,0,22,22,22,4.542,95.596,0.066,0.000,0.030,100.234,3.764,0.031,23,True
64,32,0.1,33,0,0,21,21,21,4.418,95.420,0.070,0.000,0.037,99.944,3.469,0.031,22,True
64,32,0.1,27,0,0,18,18,18,5.866,95.177,0.057,0.000,0.030,101.130,4.157,0.028,19,True
64,32,0.1,34,0,0,22,22,22,5.926,94.780,0.065,0.000,0.032,100.803,5.674,0.035,32,True
64,32,0.1,35,0,0,23,23,23,5.375,96.993,0.065,0.000,0.035,102.467,4.037,0.058,24,True
64,32,0.1,33,0,0,22,22,22,5.688,98.281,0.066,0.000,0.030,104.066,3.605,0.068,23,True
64,32,0.1,28,0,0,19,19,19,6.088,95.152,0.062,0.000,0.033,101.336,4.661,0.028,20,True
64,32,0.1,27,0,0,21,21,21,5.137,98.276,0.073,0.000,0.036,103.522,3.582,0.036,22,True
64,32,0.1,29,0,0,23,23,23,4.663,99.466,0.065,0.000,0.036,104.230,3.723,0.063,24,True
64,32,0.1,33,0,0,24,24,24,4.929,101.990,0.069,0.000,0.032,107.020,3.366,0.040,25,True
64,32,0.1,35,0,0,23,23,23,4.770,102.867,0.067,0.000,0.037,107.741,3.661,0.036,24,True
64,32,0.1,30,0,0,20,20,20,4.534,103.355,0.066,0.000,0.037,107.992,4.256,0.034,21,True
64,32,0.1,38,0,0,25,25,25,5.350,104.725,0.076,0.000,0.032,110.183,3.099,0.040,26,True
64,32,0.1,38,0,0,25,25,25,4.438,105.144,0.078,0.000,0.032,109.693,3.471,0.077,26,True
64,32,0.1,35,0,0,25,25,25,5.545,104.077,0.073,0.000,0.038,109.733,3.293,0.064,26,True
64,32,0.1,38,0,0,25,25,25,5.083,104.221,0.076,0.000,0.036,109.418,3.629,0.039,26,True
64,32,0.1,31,0,0,26,26,26,3.836,106.023,0.074,0.000,0.033,109.967,3.575,0.041,27,True
64,32,0.1,31,0,0,26,26,26,4.638,105.910,0.076,0.000,0.033,110.656,4.114,0.053,27,True
64,32,0.1,33,0,0,26,26,26,4.641,107.143,0.077,0.000,0.037,111.898,3.435,0.069,27,True
64,32,0.1,38,0,0,27,27,27,4.109,108.470,0.080,0.000,0.033,112.693,3.442,0.042,28,True
64,32,0.1,34,0,0,26,26,26,5.693,107.227,0.077,0.000,0.040,113.038,4.045,0.044,27,True
64,32,0.1,32,0,0,21,21,21,4.937,106.980,0.065,0.000,0.038,112.021,4.329,0.054,22,True
64,32,0.1,33,0,0,26,26,26,4.630,108.156,0.075,0.000,0.038,112.899,3.676,0.046,27,True
64,32,0.1,26,0,0,22,22,22,5.102,108.042,0.073,0.000,0.033,113.250,4.619,0.039,23,True
64,32,0.1,39,0,0,28,28,28,4.341,111.251,0.079,0.000,0.036,115.708,5.234,0.037,29,True
64,32,0.1,42,0,0,27,27,27,5.158,110.635,0.077,0.000,0.038,115.908,3.357,0.061,28,True
64,32,0.1,43,0,0,29,29,29,4.113,115.342,0.083,0.000,0.038,119.577,2.673,0.055,30,True
64,32,0.1,33,0,0,23,23,23,4.818,109.505,0.074,0.000,0.041,114.438,5.582,0.056,24,True
64,32,0.1,31,0,0,23,23,23,6.032,111.341,0.064,0.000,0.033,117.470,4.407,0.033,24,True
64,32,0.1,43,0,0,27,27,27,5.846,112.514,0.072,0.000,0.044,118.477,3.969,0.067,28,True
64,32,0.1,38,0,0,29,29,29,5.426,114.450,0.086,0.000,0.037,119.998,4.014,0.053,30,True
64,32,0.1,31,0,0,25,25,25,4.820,118.190,0.081,0.000,0.040,123.132,4.172,0.035,26,True
64,32,0.1,44,0,0,31,31,31,4.744,118.765,0.085,0.000,0.038,123.633,3.659,0.049,32,True
64,32,0.1,38,0,0,26,26,26,6.410,115.286,0.076,0.000,0.039,121.811,5.924,0.061,27,True
64,32,0.1,35,0,0,25,25,25,5.973,118.948,0.072,0.000,0.037,125.030,4.075,0.072,26,True
64,32,0.1,42,0,0,27,27,27,4.092,120.959,0.080,0.000,0.036,125.168,4.324,0.052,28,True
64,32,0.1,34,0,0,27,27,27,5.637,119.657,0.081,0.000,0.043,125.417,4.299,0.065,28,True
64,32,0.1,38,0,0,28,28,28,5.043,122.593,0.085,0.000,0.041,127.763,4.413,0.063,29,True
64,32,0.1,42,0,0,35,35,35,4.848,125.635,0.096,0.000,0.038,130.618,3.942,0.053,36,True
64,32,0.2,47,0,0,30,30,30,4.597,134.218,0.100,0.000,0.042,138.958,2.928,0.086,31,True
64,32,0.2,59,0,0,33,33,33,5.022,149.480,0.110,0.000,0.047,154.659,4.725,0.055,34,True
64,32,0.2,58,0,0,33,33,33,6.656,155.907,0.104,0.000,0.044,162.711,4.736,0.073,34,True
64,32,0.2,67,0,0,35,35,35,5.460,161.683,0.114,0.001,0.046,167.304,3.389,0.106,36,True
64,32,0.2,56,0,0,36,36,36,4.827,162.740,0.118,0.000,0.043,167.728,3.742,0.046,37,True
64,32,0.2,57,0,0,34,34,34,4.563,163.240,0.108,0.000,0.051,167.962,3.971,0.055,35,True
64,32,0.2,55,0,0,36,36,36,5.877,162.636,0.115,0.000,0.046,168.675,3.713,0.075,37,True
64,32,0.2,58,0,0,36,36,36,4.041,165.689,0.115,0.001,0.047,169.894,4.935,0.053,37,True
64,32,0.2,58,0,0,36,36,36,4.720,165.298,0.115,0.001,0.047,170.180,4.478,0.076,37,True
64,32,0.2,56,0,0,38,38,38,4.460,168.376,0.117,0.001,0.048,173.001,3.599,0.053,39,True
64,32,0.2,57,0,0,37,37,37,4.858,167.785,0.121,0.001,0.046,172.812,3.953,0.100,38,True
64,32,0.2,53,0,0,37,37,37,5.487,169.292,0.118,0.001,0.047,174.944,5.047,0.067,38,True
64,32,0.2,68,0,0,39,39,39,6.024,173.058,0.123,0.000,0.046,179.251,3.153,0.071,40,True
64,32,0.2,58,0,0,40,40,40,5.291,174.431,0.120,0.001,0.053,179.895,3.608,0.087,41,True
64,32,0.2,62,0,0,38,38,38,4.151,174.149,0.122,0.001,0.050,178.473,4.523,0.054,39,True
64,32,0.2,54,0,0,40,40,40,6.393,175.725,0.120,0.001,0.048,182.287,3.825,0.070,41,True
64,32,0.2,60,0,0,38,38,38,5.905,174.115,0.114,0.001,0.051,180.186,4.861,0.055,39,True
64,32,0.2,54,0,0,37,37,37,4.712,176.224,0.117,0.000,0.058,181.112,3.886,0.065,38,True
64,32,0.2,58,0,0,36,36,36,6.017,174.270,0.113,0.000,0.053,180.455,4.294,0.053,37,True
64,32,0.2,50,0,0,38,38,38,3.729,179.258,0.118,0.001,0.043,183.149,3.485,0.084,39,True
64,32,0.2,66,0,0,38,38,38,4.797,178.994,0.126,0.001,0.050,183.967,4.140,0.046,39,True
64,32,0.2,58,0,0,33,33,33,5.151,180.633,0.109,0.001,0.047,185.941,4.109,0.074,34,True
64,32,0.2,61,0,0,42,42,42,5.632,180.429,0.122,0.001,0.050,186.234,3.457,0.089,43,True
64,32,0.2,50,0,0,37,37,37,5.998,177.601,0.125,0.001,0.051,183.776,5.355,0.045,38,True
64,32,0.2,61,0,0,39,39,39,5.777,179.099,0.119,0.001,0.050,185.046,4.317,0.083,40,True
64,32,0.2,66,0,0,34,34,34,4.797,184.184,0.114,0.001,0.051,189.147,4.216,0.046,35,True
64,32,0.2,62,0,0,34,34,34,5.651,183.121,0.117,0.001,0.052,188.941,5.112,0.041,35,True
64,32,0.2,62,0,0,43,43,43,5.813,183.401,0.135,0.001,0.070,189.419,5.149,0.052,44,True
64,32,0.2,56,0,0,38,38,38,5.040,185.771,0.118,0.001,0.054,190.984,4.335,0.047,39,True
64,32,0.2,54,0,0,35,35,35,5.259,188.305,0.118,0.001,0.049,193.731,3.085,0.072,36,True
64,32,0.2,53,0,0,35,35,35,4.827,188.707,0.111,0.001,0.047,193.691,3.227,0.049,36,True
64,32,0.2,45,0,0,35,35,35,4.466,189.305,0.115,0.001,0.046,193.932,3.906,0.054,36,True
64,32,0.2,64,0,0,42,42,42,4.633,188.100,0.133,0.001,0.050,192.917,5.405,0.096,43,True
64,32,0.2,47,0,0,35,35,35,4.943,189.240,0.113,0.000,0.047,194.344,4.051,0.069,36,True
64,32,0.2,76,0,0,44,44,44,4.818,189.809,0.131,0.001,0.054,194.813,4.653,0.092,45,True
64,32,0.2,72,0,0,46,46,46,4.460,194.034,0.146,0.001,0.060,198.701,4.107,0.097,47,True
64,32,0.2,56,0,0,39,39,39,5.320,191.487,0.118,0.001,0.051,196.977,5.381,0.072,40,True
64,32,0.2,61,0,0,42,42,42,5.391,193.373,0.137,0.001,0.059,198.961,3.778,0.084,43,True
64,32,0.2,70,0,0,45,45,45,5.502,194.109,0.137,0.001,0.058,199.807,4.859,0.052,46,True
64,32,0.2,58,0,0,46,46,46,6.323,193.336,0.134,0.001,0.053,199.846,4.455,0.078,47,True
64,32,0.2,59,0,0,38,38,38,5.579,194.520,0.125,0.001,0.061,200.285,4.033,0.077,39,True
64,32,0.2,73,0,0,41,41,41,4.795,196.148,0.130,0.001,0.066,201.140,4.029,0.056,42,True
64,32,0.2,53,0,0,41,41,41,5.818,195.769,0.130,0.001,0.055,201.773,3.744,0.099,42,True
64,32,0.2,60,0,0,38,38,38,4.501,197.211,0.129,0.001,0.050,201.892,3.825,0.055,39,True
64,32,0.2,71,0,0,46,46,46,5.397,198.515,0.138,0.001,0.054,204.104,4.390,0.097,47,True
64,32,0.2,58,0,0,44,44,44,4.803,200.358,0.133,0.001,0.052,205.346,4.255,0.093,45,True
64,32,0.2,56,0,0,40,40,40,4.538,201.445,0.119,0.001,0.056,206.159,4.286,0.047,41,True
64,32,0.2,64,0,0,44,44,44,5.405,200.223,0.129,0.001,0.051,205.809,3.923,0.086,45,True
64,32,0.2,71,0,0,47,47,47,6.194,200.968,0.148,0.001,0.058,207.369,3.571,0.103,48,True
64,32,0.2,67,0,0,46,46,46,5.856,203.917,0.137,0.001,0.057,209.968,4.380,0.055,47,True
64,32,0.2,54,0,0,42,42,42,4.460,206.098,0.136,0.001,0.060,210.754,3.623,0.063,43,True
64,32,0.2,70,0,0,50,50,50,5.776,204.357,0.143,0.001,0.052,210.328,7.494,0.079,64,True
64,32,0.2,66,0,0,42,42,42,5.806,208.241,0.136,0.001,0.053,214.236,3.838,0.096,43,True
64,32,0.2,71,0,0,43,43,43,6.354,208.024,0.141,0.001,0.057,214.576,4.195,0.104,44,True
64,32,0.2,63,0,0,49,49,49,5.040,208.916,0.145,0.001,0.057,214.158,4.580,0.114,50,True
64,32,0.2,64,0,0,49,49,49,6.098,212.233,0.149,0.001,0.063,218.544,4.386,0.095,50,True
64,32,0.2,65,0,0,47,47,47,5.253,214.904,0.148,0.001,0.064,220.370,3.368,0.065,48,True
64,32,0.2,69,0,0,45,45,45,5.597,213.184,0.136,0.001,0.073,218.991,4.254,0.054,46,True
64,32,0.2,68,0,0,49,49,49,5.388,211.689,0.147,0.001,0.065,217.291,6.108,0.078,50,True
64,32,0.2,71,0,0,52,52,52,5.779,222.925,0.139,0.001,0.052,228.896,3.466,0.129,53,True
64,64,0.1,38,0,0,26,26,26,20.352,628.039,0.144,0.000,0.043,648.579,17.321,0.112,27,True
64,64,0.1,40,0,0,26,26,26,19.065,645.019,0.146,0.000,0.040,664.270,19.221,0.164,27,True
64,64,0.1,42,0,0,27,27,27,20.264,657.897,0.151,0.000,0.045,678.357,18.254,0.162,28,True
64,64,0.1,47,0,0,24,24,24,21.131,666.168,0.137,0.000,0.040,687.476,17.545,0.281,25,True
64,64,0.1,34,0,0,27,27,27,19.231,672.806,0.157,0.000,0.046,692.240,18.047,0.183,28,True
64,64,0.1,43,0,0,28,28,28,19.245,686.126,0.151,0.000,0.041,705.564,17.306,0.127,29,True
64,64,0.1,38,0,0,30,30,30,20.060,701.475,0.156,0.000,0.044,721.735,17.953,0.175,31,True
64,64,0.1,43,0,0,31,31,31,18.934,730.107,0.164,0.000,0.045,749.251,17.802,0.116,32,True
64,64,0.1,40,0,0,30,30,30,20.467,733.682,0.164,0.000,0.046,754.359,18.696,0.129,31,True
64,64,0.1,46,0,0,31,31,31,21.390,757.439,0.191,0.001,0.052,779.074,15.702,0.286,32,True
64,64,0.1,48,0,0,31,31,31,19.983,753.333,0.182,0.000,0.049,773.548,19.361,0.191,32,True
64,64,0.1,44,0,0,32,32,32,18.781,758.821,0.170,0.000,0.044,777.816,17.080,0.189,33,True
64,64,0.1,40,0,0,31,31,31,18.401,778.552,0.179,0.001,0.051,797.183,18.539,0.121,32,True
64,64,0.1,42,0,0,32,32,32,22.926,776.217,0.170,0.000,0.046,799.359,17.025,0.209,33,True
64,64,0.1,44,0,0,33,33,33,20.698,778.353,0.180,0.001,0.053,799.284,18.328,0.138,34,True
64,64,0.1,52,0,0,33,33,33,16.551,785.317,0.173,0.000,0.053,802.094,17.914,0.181,34,True
64,64,0.1,46,0,0,31,31,31,23.064,786.243,0.179,0.000,0.045,809.531,19.624,0.160,32,True
64,64,0.1,46,0,0,34,34,34,21.308,793.389,0.189,0.001,0.049,814.935,16.561,0.216,35,True
64,64,0.1,41,0,0,29,29,29,24.490,790.900,0.165,0.000,0.049,815.603,21.174,0.202,30,True
64,64,0.1,43,0,0,30,30,30,24.710,810.988,0.151,0.000,0.047,835.897,21.981,0.224,31,True
64,64,0.1,49,0,0,35,35,35,19.795,833.249,0.181,0.001,0.056,853.282,19.279,0.185,36,True
64,64,0.1,48,0,0,35,35,35,19.929,839.930,0.190,0.001,0.052,860.103,17.983,0.136,36,True
64,64,0.1,44,0,0,37,37,37,20.641,837.628,0.196,0.001,0.052,858.518,24.509,0.146,38,True
64,64,0.1,43,0,0,36,36,36,19.061,848.760,0.175,0.001,0.048,868.046,22.399,0.116,37,True
64,64,0.1,47,0,0,36,36,36,21.088,841.031,0.190,0.001,0.059,862.369,25.880,0.111,37,True
64,64,0.1,40,0,0,31,31,31,22.166,844.571,0.175,0.000,0.054,866.966,21.434,0.205,32,True
64,64,0.1,48,0,0,36,36,36,20.493,854.884,0.173,0.001,0.053,875.603,19.462,0.154,37,True
64,64,0.1,44,0,0,36,36,36,20.274,858.242,0.189,0.001,0.061,878.767,18.756,0.130,37,True
64,64,0.1,61,0,0,38,38,38,19.460,869.190,0.194,0.001,0.058,888.902,16.139,0.236,39,True
64,64,0.1,49,0,0,39,39,39,18.688,875.309,0.201,0.001,0.055,894.253,15.187,0.312,40,True
64,64,0.1,47,0,0,38,38,38,19.186,886.771,0.218,0.001,0.056,906.231,17.859,0.231,39,True
64,64,0.1,48,0,0,40,40,40,20.723,889.436,0.205,0.001,0.058,910.423,17.339,0.170,41,True
64,64,0.1,53,0,0,40,40,40,19.619,891.714,0.205,0.001,0.054,911.593,17.425,0.124,41,True
64,64,0.1,47,0,0,39,39,39,21.347,890.686,0.206,0.001,0.064,912.304,17.839,0.197,40,True
64,64,0.1,48,0,0,39,39,39,20.591,892.851,0.205,0.001,0.054,913.701,17.992,0.210,40,True
64,64,0.1,46,0,0,38,38,38,18.981,897.221,0.188,0.001,0.058,916.449,17.840,0.231,39,True
64,64,0.1,49,0,0,39,39,39,20.331,895.373,0.194,0.001,0.065,915.964,18.976,0.123,40,True
64,64,0.1,57,0,0,39,39,39,21.527,895.666,0.206,0.001,0.055,917.455,19.017,0.177,40,True
64,64,0.1,50,0,0,35,35,35,19.692,908.755,0.171,0.001,0.048,928.665,22.141,0.227,36,True
64,64,0.1,55,0,0,42,42,42,20.890,917.204,0.213,0.001,0.055,938.363,17.861,0.142,43,True
64,64,0.1,52,0,0,42,42,42,20.503,926.408,0.210,0.001,0.057,947.179,18.191,0.134,43,True
64,64,0.1,58,0,0,42,42,42,18.586,928.729,0.220,0.001,0.054,947.589,17.110,0.288,43,True
64,64,0.1,53,0,0,42,42,42,18.482,930.866,0.210,0.001,0.054,949.612,20.037,0.171,43,True
64,64,0.1,53,0,0,41,41,41,20.355,933.123,0.202,0.001,0.070,953.751,18.937,0.218,42,True
64,64,0.1,45,0,0,36,36,36,23.308,924.572,0.183,0.001,0.057,948.120,21.967,0.232,37,True
64,64,0.1,52,0,0,42,42,42,22.300,934.862,0.196,0.001,0.052,957.411,19.122,0.198,43,True
64,64,0.1,52,0,0,37,37,37,21.580,931.998,0.187,0.001,0.059,953.824,30.611,0.197,38,True
64,64,0.1,55,0,0,45,45,45,21.061,960.513,0.227,0.001,0.060,981.861,17.918,0.208,46,True
64,64,0.1,63,0,0,44,44,44,18.653,958.962,0.221,0.001,0.061,977.898,23.159,0.180,45,True
64,64,0.1,45,0,0,39,39,39,23.580,965.092,0.191,0.001,0.059,988.922,21.534,0.193,40,True
64,64,0.1,51,0,0,39,39,39,21.824,961.362,0.192,0.001,0.063,983.442,28.954,0.122,40,True
64,64,0.1,53,0,0,38,38,38,22.727,967.213,0.203,0.001,0.060,990.204,21.758,0.138,39,True
64,64,0.1,62,0,0,47,47,47,19.597,1008.356,0.237,0.001,0.058,1028.249,15.905,0.309,48,True
64,64,0.1,60,0,0,48,48,48,19.165,1015.610,0.218,0.001,0.055,1035.049,18.625,0.141,49,True
64,64,0.1,55,0,0,42,42,42,23.194,1010.235,0.209,0.001,0.061,1033.699,22.053,0.289,43,True
64,64,0.1,58,0,0,42,42,42,22.044,1011.855,0.208,0.001,0.063,1034.169,23.440,0.206,43,True
64,64,0.1,57,0,0,43,43,43,22.784,1007.679,0.201,0.001,0.054,1030.718,32.559,0.208,44,True
64,64,0.1,58,0,0,44,44,44,21.425,1025.933,0.220,0.001,0.062,1047.640,21.943,0.143,45,True
64,64,0.1,65,0,0,47,47,47,22.742,1044.691,0.223,0.001,0.066,1067.723,22.647,0.208,48,True
64,64,0.1,57,0,0,52,52,52,21.897,1079.923,0.250,0.001,0.073,1102.144,20.436,0.327,53,True
64,64,0.2,96,0,0,57,57,57,23.216,1386.103,0.322,0.001,0.076,1409.719,18.844,0.224,58,True
64,64,0.2,86,0,0,59,59,59,20.408,1458.704,0.336,0.002,0.079,1479.528,19.422,0.294,60,True
64,64,0.2,88,0,0,61,61,61,20.657,1472.392,0.334,0.002,0.079,1493.463,15.620,0.417,62,True
64,64,0.2,92,0,0,61,61,61,20.687,1475.197,0.362,0.002,0.081,1496.329,17.450,0.324,62,True
64,64,0.2,83,0,0,52,52,52,22.334,1459.882,0.282,0.001,0.074,1482.573,30.383,0.210,53,True
64,64,0.2,93,0,0,60,60,60,21.276,1476.458,0.328,0.002,0.085,1498.149,18.140,0.262,61,True
64,64,0.2,85,0,0,60,60,60,19.907,1482.513,0.320,0.002,0.077,1502.819,19.911,0.263,61,True
64,64,0.2,96,0,0,61,61,61,20.760,1484.488,0.327,0.002,0.084,1505.660,18.196,0.238,62,True
64,64,0.2,81,0,0,61,61,61,21.494,1475.834,0.333,0.001,0.081,1497.744,25.416,0.274,62,True
64,64,0.2,98,0,0,61,61,61,22.151,1485.395,0.342,0.001,0.083,1507.972,17.669,0.216,62,True
64,64,0.2,89,0,0,62,62,62,23.096,1497.427,0.330,0.002,0.086,1520.941,17.028,0.489,63,True
64,64,0.2,93,0,0,65,65,65,20.782,1504.471,0.349,0.002,0.091,1525.694,25.946,0.223,66,True
64,64,0.2,92,0,0,61,61,61,20.783,1517.294,0.355,0.002,0.093,1538.527,19.134,0.221,62,True
64,64,0.2,95,0,0,64,64,64,21.300,1533.417,0.357,0.002,0.087,1555.162,27.357,0.174,65,True
64,64,0.2,82,0,0,64,64,64,23.674,1542.574,0.329,0.002,0.081,1566.660,17.223,0.419,65,True
64,64,0.2,86,0,0,64,64,64,21.474,1555.914,0.333,0.001,0.079,1577.802,19.541,0.235,65,True
64,64,0.2,93,0,0,65,65,65,21.475,1562.507,0.335,0.002,0.085,1584.403,18.451,0.334,66,True
64,64,0.2,95,0,0,64,64,64,20.566,1567.814,0.346,0.002,0.087,1588.815,18.385,0.262,65,True
64,64,0.2,86,0,0,56,56,56,21.169,1561.725,0.304,0.001,0.081,1583.280,22.760,0.263,57,True
64,64,0.2,84,0,0,65,65,65,23.508,1574.323,0.338,0.002,0.083,1598.254,18.652,0.252,66,True
64,64,0.2,89,0,0,66,66,66,23.402,1582.050,0.341,0.002,0.091,1605.886,18.631,0.446,67,True
64,64,0.2,85,0,0,57,57,57,23.569,1588.322,0.314,0.001,0.083,1612.290,22.294,0.393,58,True
64,64,0.2,94,0,0,66,66,66,19.185,1609.104,0.354,0.002,0.086,1628.731,19.084,0.270,67,True
64,64,0.2,91,0,0,68,68,68,19.280,1620.318,0.366,0.002,0.091,1640.056,20.000,0.232,69,True
64,64,0.2,100,0,0,69,69,69,23.313,1614.060,0.365,0.002,0.088,1637.828,25.017,0.224,70,True
64,64,0.2,85,0,0,69,69,69,20.381,1624.724,0.362,0.002,0.091,1645.560,17.559,0.226,70,True
64,64,0.2,97,0,0,68,68,68,21.699,1623.717,0.387,0.002,0.092,1645.897,18.521,0.246,69,True
64,64,0.2,105,0,0,70,70,70,20.459,1630.182,0.388,0.002,0.090,1651.120,19.301,0.311,71,True
64,64,0.2,90,0,0,69,69,69,23.456,1629.039,0.362,0.002,0.094,1652.953,19.531,0.246,70,True
64,64,0.2,91,0,0,72,72,72,21.698,1667.207,0.362,0.002,0.086,1689.355,17.408,0.290,73,True
64,64,0.2,95,0,0,72,72,72,20.820,1683.949,0.374,0.002,0.084,1705.229,18.052,0.290,73,True
64,64,0.2,103,0,0,71,71,71,24.559,1677.797,0.365,0.002,0.087,1702.810,19.164,0.339,72,True
64,64,0.2,95,0,0,72,72,72,24.242,1690.876,0.380,0.002,0.096,1715.597,18.651,0.330,73,True
64,64,0.2,98,0,0,64,64,64,23.469,1701.984,0.370,0.002,0.089,1725.913,23.242,0.210,65,True
64,64,0.2,97,0,0,71,71,71,22.079,1711.032,0.367,0.002,0.092,1733.572,19.349,0.278,72,True
64,64,0.2,101,0,0,75,75,75,24.780,1725.762,0.390,0.002,0.096,1751.030,18.588,0.447,76,True
64,64,0.2,98,0,0,66,66,66,24.476,1750.215,0.337,0.002,0.088,1775.118,23.563,0.379,67,True
64,64,0.2,100,0,0,77,77,77,22.516,1760.972,0.380,0.002,0.102,1783.973,17.332,0.249,78,True
64,64,0.2,102,0,0,73,73,73,24.364,1752.112,0.387,0.002,0.108,1776.972,23.499,0.517,74,True
64,64,0.2,104,0,0,78,78,78,18.696,1767.609,0.382,0.002,0.092,1786.781,19.223,0.457,79,True
64,64,0.2,95,0,0,68,68,68,24.306,1746.423,0.363,0.002,0.105,1771.198,34.039,0.291,84,True
64,64,0.2,113,0,0,79,79,79,21.885,1779.139,0.404,0.002,0.101,1801.532,21.052,0.265,80,True
64,64,0.2,97,0,0,80,80,80,20.065,1783.961,0.404,0.002,0.092,1804.524,17.572,0.421,81,True
64,64,0.2,114,0,0,79,79,79,22.487,1773.253,0.446,0.002,0.105,1796.293,25.140,0.223,80,True
64,64,0.2,105,0,0,78,78,78,22.652,1777.709,0.395,0.002,0.102,1800.861,25.830,0.195,79,True
64,64,0.2,97,0,0,79,79,79,20.876,1780.198,0.405,0.002,0.100,1801.582,25.097,0.240,80,True
64,64,0.2,110,0,0,80,80,80,23.363,1791.256,0.404,0.002,0.093,1815.118,19.884,0.210,81,True
64,64,0.2,98,0,0,71,71,71,23.856,1808.998,0.356,0.002,0.095,1833.307,22.214,0.598,72,True
64,64,0.2,101,0,0,80,80,80,21.854,1819.168,0.421,0.002,0.106,1841.551,18.849,0.322,81,True
64,64,0.2,86,0,0,71,71,71,24.896,1815.023,0.375,0.002,0.098,1840.395,21.455,0.454,72,True
64,64,0.2,105,0,0,71,71,71,23.205,1823.474,0.366,0.002,0.092,1847.138,21.486,0.456,72,True
64,64,0.2,112,0,0,73,73,73,24.330,1839.310,0.372,0.002,0.100,1864.114,28.906,0.219,74,True
64,64,0.2,113,0,0,86,86,86,22.952,1871.000,0.425,0.002,0.106,1894.486,17.572,0.410,87,True
64,64,0.2,95,0,0,76,76,76,24.606,1880.347,0.373,0.002,0.098,1905.427,20.390,0.635,77,True
64,64,0.2,97,0,0,76,76,76,24.184,1873.319,0.370,0.002,0.101,1897.975,29.588,0.223,77,True
64,64,0.2,111,0,0,86,86,86,22.717,1919.192,0.414,0.003,0.112,1942.437,17.832,0.420,87,True
64,64,0.2,104,0,0,79,79,79,24.591,1911.864,0.412,0.002,0.105,1936.973,29.843,0.357,80,True
64,64,0.2,105,0,0,79,79,79,21.792,1928.311,0.398,0.002,0.099,1950.602,21.422,0.486,80,True
64,64,0.2,105,0,0,83,83,83,22.882,1955.859,0.405,0.002,0.107,1979.256,33.666,0.364,84,True
64,64,0.2,103,0,0,76,76,76,23.586,3079.566,0.788,0.004,0.184,3104.127,28.044,0.332,358,True
