16,16,0.8,61,0,0,1,1,1,0.203,0.116,0.001,0.000,0.009,0.330,0.101,0.003,2,True
16,16,0.8,44,0,0,1,1,1,0.196,0.080,0.001,0.000,0.008,0.285,0.129,0.003,2,True
16,16,0.8,43,0,0,1,1,1,0.177,0.119,0.001,0.000,0.008,0.304,0.085,0.003,2,True
16,16,0.8,56,0,0,1,1,1,0.176,0.117,0.001,0.000,0.009,0.302,0.085,0.003,2,True
16,16,0.8,46,0,0,1,1,1,0.180,0.082,0.001,0.000,0.010,0.273,0.093,0.002,2,True
16,16,0.8,43,0,0,1,1,1,0.165,0.122,0.001,0.000,0.010,0.299,0.095,0.003,2,True
16,16,0.8,41,0,0,2,2,2,0.178,0.216,0.002,0.000,0.009,0.405,0.092,0.002,3,True
16,16,0.8,40,0,0,2,2,2,0.178,0.180,0.002,0.000,0.011,0.371,0.098,0.003,3,True
16,16,0.8,37,0,0,1,1,1,0.179,0.093,0.001,0.000,0.011,0.284,0.096,0.002,2,True
16,16,0.8,45,0,0,1,1,1,0.171,0.117,0.001,0.000,0.010,0.299,0.092,0.002,2,True
16,16,0.8,49,0,0,2,2,2,0.171,0.180,0.002,0.000,0.010,0.363,0.089,0.003,3,True
16,16,0.8,53,0,0,2,2,2,0.183,0.187,0.002,0.000,0.011,0.383,0.087,0.002,3,True
16,16,0.8,65,0,0,3,3,3,0.169,0.284,0.002,0.000,0.010,0.465,0.096,0.002,4,True
16,16,0.8,51,0,0,4,4,4,0.181,0.426,0.003,0.000,0.010,0.620,0.104,0.003,5,True
16,16,0.8,41,0,0,3,3,3,0.173,0.289,0.003,0.000,0.011,0.476,0.095,0.002,4,True
16,16,0.8,61,0,0,2,2,2,0.175,0.217,0.002,0.000,0.011,0.404,0.097,0.002,3,True
16,16,0.8,47,0,0,2,2,2,0.219,0.243,0.002,0.000,0.014,0.478,0.134,0.002,3,True
16,16,0.8,61,0,0,2,2,2,0.183,0.228,0.002,0.000,0.010,0.422,0.087,0.002,3,True
16,16,0.8,48,0,0,2,2,2,0.184,0.222,0.002,0.000,0.012,0.419,0.090,0.003,3,True
16,16,0.8,108,0,0,4,4,4,0.172,0.441,0.003,0.000,0.011,0.627,0.115,0.003,5,True
16,16,0.8,52,0,0,3,3,3,0.200,0.323,0.002,0.000,0.010,0.536,0.083,0.003,4,True
16,16,0.8,49,0,0,3,3,3,0.220,0.293,0.003,0.000,0.012,0.527,0.093,0.003,4,True
16,16,0.8,59,0,0,2,2,2,0.170,0.218,0.002,0.000,0.012,0.402,0.088,0.002,3,True
16,16,0.8,52,0,0,4,4,4,0.203,0.405,0.003,0.000,0.012,0.623,0.092,0.003,5,True
16,16,0.8,69,0,0,6,6,6,0.176,0.580,0.004,0.000,0.011,0.771,0.086,0.003,7,True
16,16,0.8,59,0,0,6,6,6,0.179,0.625,0.005,0.000,0.015,0.824,0.131,0.003,7,True
16,16,0.8,85,0,0,9,9,9,0.186,0.883,0.005,0.000,0.012,1.086,0.093,0.004,10,True
16,16,0.8,60,0,0,9,9,9,0.234,0.822,0.006,0.000,0.013,1.075,0.154,0.004,10,True
16,16,0.8,72,0,0,8,8,8,0.199,0.795,0.005,0.000,0.013,1.012,0.150,0.004,9,True
16,16,0.8,99,0,0,16,16,16,0.199,1.422,0.008,0.000,0.017,1.647,0.186,0.006,17,True
16,16,0.8,61,0,0,18,18,18,0.204,1.651,0.010,0.000,0.017,1.882,0.086,0.008,19,True
32,16,0.4,25,0,0,3,3,3,0.562,0.928,0.005,0.000,0.013,1.507,0.200,0.004,4,True
32,16,0.4,20,0,0,3,3,3,0.940,1.126,0.007,0.000,0.046,2.118,0.347,0.006,4,True
32,16,0.4,27,0,0,6,6,6,0.496,2.400,0.009,0.000,0.018,2.923,0.246,0.006,7,True
32,16,0.4,30,0,0,8,8,8,0.720,2.761,0.012,0.000,0.024,3.517,0.294,0.009,9,True
32,16,0.4,32,0,0,9,9,9,0.552,3.259,0.013,0.000,0.017,3.841,0.252,0.005,10,True
32,16,0.4,34,0,0,10,10,10,0.540,4.178,0.015,0.000,0.023,4.756,0.237,0.006,11,True
32,16,0.4,35,0,0,10,10,10,0.561,3.671,0.016,0.000,0.023,4.271,0.246,0.005,11,True
32,16,0.4,28,0,0,10,10,10,0.540,3.994,0.015,0.000,0.022,4.572,0.595,0.006,11,True
32,16,0.4,35,0,0,12,12,12,0.661,4.436,0.019,0.000,0.025,5.141,0.218,0.009,13,True
32,16,0.4,39,0,0,12,12,12,0.584,4.479,0.019,0.000,0.027,5.109,0.238,0.007,13,True
32,16,0.4,32,0,0,13,13,13,0.534,4.770,0.022,0.000,0.027,5.353,0.230,0.008,14,True
32,16,0.4,39,0,0,15,15,15,0.626,4.753,0.020,0.000,0.028,5.427,0.223,0.008,16,True
32,16,0.4,30,0,0,11,11,11,0.607,4.816,0.019,0.000,0.024,5.466,0.313,0.006,12,True
32,16,0.4,44,0,0,16,16,16,0.654,4.976,0.021,0.000,0.022,5.674,0.299,0.008,17,True
32,16,0.4,38,0,0,16,16,16,0.575,5.053,0.023,0.000,0.040,5.692,0.324,0.007,17,True
32,16,0.4,49,0,0,16,16,16,0.666,5.221,0.023,0.000,0.029,5.939,0.332,0.009,17,True
32,16,0.4,55,0,0,19,19,19,0.568,5.802,0.024,0.000,0.024,6.418,0.207,0.009,20,True
32,16,0.4,41,0,0,15,15,15,0.860,5.390,0.022,0.000,0.031,6.303,0.298,0.012,16,True
32,16,0.4,40,0,0,18,18,18,0.899,5.328,0.022,0.000,0.024,6.274,0.314,0.015,19,True
32,16,0.4,52,0,0,19,19,19,0.555,6.137,0.026,0.000,0.024,6.742,0.250,0.010,20,True
32,16,0.4,35,0,0,14,14,14,0.790,5.032,0.022,0.000,0.036,5.879,0.425,0.013,15,True
32,16,0.4,46,0,0,16,16,16,0.783,5.546,0.025,0.000,0.045,6.399,0.342,0.014,17,True
32,16,0.4,44,0,0,16,16,16,0.779,5.842,0.024,0.000,0.042,6.688,0.253,0.009,17,True
32,16,0.4,52,0,0,18,18,18,0.571,5.913,0.025,0.000,0.036,6.545,0.492,0.014,19,True
32,16,0.4,41,0,0,21,21,21,0.618,6.793,0.026,0.000,0.028,7.466,0.193,0.009,22,True
32,16,0.4,48,0,0,20,20,20,0.919,6.232,0.028,0.000,0.039,7.219,0.301,0.015,21,True
32,16,0.4,45,0,0,20,20,20,0.774,6.722,0.026,0.000,0.036,7.558,0.318,0.020,21,True
32,16,0.4,44,0,0,20,20,20,0.799,6.783,0.025,0.000,0.032,7.638,0.423,0.009,21,True
32,16,0.4,66,0,0,24,24,24,0.596,7.346,0.030,0.000,0.031,8.003,0.215,0.010,25,True
32,16,0.4,46,0,0,22,22,22,0.960,6.676,0.029,0.000,0.034,7.699,0.343,0.019,23,True
32,16,0.4,56,0,0,25,25,25,0.565,7.827,0.030,0.000,0.029,8.451,0.205,0.013,26,True
32,16,0.4,52,0,0,22,22,22,0.863,6.747,0.027,0.000,0.051,7.688,0.432,0.011,23,True
32,16,0.4,46,0,0,25,25,25,0.651,7.547,0.035,0.000,0.035,8.268,0.238,0.011,26,True
32,16,0.4,46,0,0,21,21,21,0.811,7.351,0.025,0.000,0.027,8.214,0.321,0.016,22,True
32,16,0.4,57,0,0,25,25,25,0.639,7.413,0.030,0.000,0.028,8.111,0.332,0.019,26,True
32,16,0.4,52,0,0,24,24,24,0.576,7.779,0.030,0.000,0.033,8.418,0.248,0.013,25,True
32,16,0.4,45,0,0,25,25,25,0.531,8.090,0.031,0.000,0.032,8.684,0.241,0.019,26,True
32,16,0.4,54,0,0,28,28,28,0.650,7.481,0.031,0.000,0.032,8.195,0.439,0.016,29,True
32,16,0.4,48,0,0,27,27,27,0.550,8.329,0.034,0.000,0.030,8.944,0.213,0.011,28,True
32,16,0.4,57,0,0,25,25,25,0.904,7.746,0.030,0.000,0.054,8.734,0.289,0.019,26,True
32,16,0.4,44,0,0,23,23,23,0.672,7.096,0.025,0.000,0.029,7.823,1.131,0.011,35,True
32,16,0.4,53,0,0,29,29,29,0.572,8.030,0.035,0.000,0.031,8.668,0.291,0.022,30,True
32,16,0.4,46,0,0,28,28,28,1.042,7.619,0.032,0.000,0.038,8.732,0.387,0.022,29,True
32,16,0.4,50,0,0,23,23,23,0.925,8.128,0.029,0.000,0.046,9.129,0.342,0.018,24,True
32,16,0.4,50,0,0,27,27,27,0.553,8.771,0.033,0.003,0.041,9.402,0.532,0.011,28,True
32,16,0.4,48,0,0,26,26,26,0.999,8.584,0.032,0.000,0.036,9.650,0.339,0.019,27,True
32,16,0.4,49,0,0,28,28,28,0.903,8.662,0.031,0.000,0.035,9.631,0.464,0.021,29,True
32,16,0.4,53,0,0,30,30,30,0.809,9.359,0.036,0.000,0.038,10.242,0.230,0.028,31,True
32,16,0.4,72,0,0,37,37,37,0.761,9.480,0.045,0.000,0.040,10.325,0.266,0.020,38,True
32,16,0.4,71,0,0,38,38,38,0.661,9.891,0.051,0.000,0.040,10.644,0.352,0.026,39,True
32,16,0.4,51,0,0,34,34,34,0.952,9.417,0.035,0.000,0.046,10.449,0.590,0.027,35,True
32,16,0.4,39,0,0,15,15,15,0.736,10.032,0.041,0.000,0.041,10.850,1.081,0.022,50,True
32,16,0.4,51,0,0,22,22,22,0.639,11.399,0.050,0.000,0.048,12.137,0.369,0.010,47,True
32,16,0.4,74,0,0,51,51,51,0.794,11.796,0.056,0.001,0.052,12.698,0.319,0.035,52,True
32,16,0.4,103,0,0,56,56,56,0.809,13.087,0.063,0.001,0.056,14.017,0.319,0.032,57,True
32,16,0.4,59,0,0,29,29,29,5.101,589.687,2.654,0.027,1.497,598.965,1.517,0.027,6924,True
32,32,0.2,24,0,0,12,12,12,2.283,27.567,0.024,0.000,0.029,29.904,1.506,0.020,13,True
32,32,0.2,29,0,0,14,14,14,2.805,34.808,0.032,0.000,0.034,37.680,1.755,0.028,15,True
32,32,0.2,27,0,0,16,16,16,2.952,36.783,0.033,0.000,0.031,39.799,1.553,0.024,17,True
32,32,0.2,40,0,0,22,22,22,2.373,39.477,0.042,0.000,0.028,41.921,1.614,0.035,23,True
32,32,0.2,39,0,0,20,20,20,2.496,39.189,0.039,0.000,0.027,41.750,1.624,0.023,21,True
32,32,0.2,35,0,0,20,20,20,2.979,44.485,0.042,0.000,0.037,47.544,1.554,0.052,21,True
32,32,0.2,48,0,0,21,21,21,2.498,44.367,0.045,0.000,0.033,46.944,3.001,0.034,22,True
32,32,0.2,41,0,0,22,22,22,2.739,45.175,0.048,0.000,0.031,47.993,2.588,0.039,24,True
32,32,0.2,42,0,0,22,22,22,2.384,46.370,0.051,0.000,0.035,48.840,2.033,0.036,23,True
32,32,0.2,41,0,0,26,26,26,2.555,47.209,0.052,0.000,0.036,49.852,1.970,0.021,27,True
32,32,0.2,51,0,0,29,29,29,2.236,50.267,0.060,0.000,0.038,52.602,1.868,0.029,30,True
32,32,0.2,42,0,0,24,24,24,1.923,48.631,0.052,0.000,0.034,50.640,4.385,0.036,29,True
32,32,0.2,40,0,0,25,25,25,2.658,50.420,0.055,0.000,0.040,53.173,1.963,0.023,26,True
32,32,0.2,47,0,0,27,27,27,2.171,51.512,0.053,0.000,0.036,53.771,1.936,0.034,28,True
32,32,0.2,44,0,0,25,25,25,2.800,50.203,0.052,0.000,0.033,53.089,2.855,0.022,26,True
32,32,0.2,48,0,0,27,27,27,2.743,51.242,0.059,0.000,0.045,54.089,2.378,0.028,28,True
32,32,0.2,39,0,0,24,24,24,3.253,49.772,0.046,0.000,0.039,53.111,3.337,0.032,25,True
32,32,0.2,39,0,0,29,29,29,2.844,53.749,0.061,0.000,0.042,56.696,2.301,0.037,30,True
32,32,0.2,40,0,0,26,26,26,2.307,55.757,0.054,0.000,0.042,58.161,1.836,0.030,27,True
32,32,0.2,35,0,0,26,26,26,2.907,54.850,0.052,0.000,0.043,57.853,2.350,0.034,27,True
32,32,0.2,42,0,0,25,25,25,2.998,55.142,0.059,0.000,0.053,58.252,2.715,0.029,26,True
32,32,0.2,49,0,0,31,31,31,2.669,56.210,0.063,0.000,0.042,58.984,1.816,0.029,32,True
32,32,0.2,46,0,0,26,26,26,2.620,57.325,0.051,0.000,0.038,60.034,2.970,0.026,27,True
32,32,0.2,48,0,0,30,30,30,2.467,59.226,0.063,0.000,0.044,61.801,2.255,0.031,31,True
32,32,0.2,38,0,0,27,27,27,2.513,58.207,0.063,0.000,0.047,60.831,3.445,0.037,28,True
32,32,0.2,47,0,0,32,32,32,2.864,59.823,0.061,0.000,0.044,62.792,1.651,0.050,33,True
32,32,0.2,44,0,0,34,34,34,2.733,59.845,0.062,0.000,0.047,62.687,2.084,0.038,35,True
32,32,0.2,47,0,0,33,33,33,2.891,60.380,0.067,0.000,0.046,63.384,3.142,0.031,34,True
32,32,0.2,55,0,0,38,38,38,2.254,61.674,0.067,0.001,0.043,64.038,3.360,0.037,39,True
32,32,0.2,46,0,0,30,30,30,2.495,59.357,0.064,0.000,0.039,61.954,8.315,0.057,52,True
32,32,0.2,53,0,0,38,38,38,2.205,68.334,0.068,0.000,0.041,70.649,1.575,0.031,39,True
32,32,0.2,59,0,0,39,39,39,2.575,68.965,0.074,0.000,0.047,71.662,1.706,0.056,40,True
32,32,0.2,46,0,0,35,35,35,3.082,67.804,0.065,0.000,0.042,70.994,2.169,0.054,36,True
32,32,0.2,48,0,0,37,37,37,2.263,69.474,0.067,0.000,0.040,71.844,1.767,0.029,38,True
32,32,0.2,57,0,0,41,41,41,2.456,71.533,0.077,0.001,0.051,74.118,1.570,0.044,42,True
32,32,0.2,57,0,0,39,39,39,3.079,71.128,0.076,0.001,0.050,74.333,3.446,0.032,40,True
32,32,0.2,51,0,0,35,35,35,2.178,71.863,0.078,0.000,0.051,74.170,3.097,0.050,61,True
32,32,0.2,57,0,0,39,39,39,2.826,74.689,0.073,0.001,0.050,77.639,1.478,0.062,40,True
32,32,0.2,50,0,0,39,39,39,3.484,73.169,0.071,0.001,0.053,76.778,2.084,0.070,40,True
32,32,0.2,49,0,0,40,40,40,2.805,75.917,0.078,0.001,0.053,78.854,1.937,0.045,41,True
32,32,0.2,60,0,0,50,50,50,2.819,76.127,0.087,0.001,0.055,79.089,1.808,0.058,51,True
32,32,0.2,52,0,0,42,42,42,2.543,76.943,0.077,0.001,0.044,79.607,1.862,0.053,43,True
32,32,0.2,72,0,0,51,51,51,2.823,77.063,0.087,0.001,0.046,80.020,1.615,0.070,52,True
32,32,0.2,64,0,0,48,48,48,2.695,76.366,0.089,0.001,0.057,79.207,2.133,0.045,49,True
32,32,0.2,60,0,0,43,43,43,3.376,77.554,0.077,0.001,0.059,81.067,2.164,0.059,44,True
32,32,0.2,60,0,0,50,50,50,2.679,78.530,0.088,0.001,0.050,81.348,2.251,0.047,51,True
32,32,0.2,61,0,0,51,51,51,2.850,82.581,0.091,0.001,0.060,85.583,1.647,0.047,52,True
32,32,0.2,64,0,0,54,54,54,3.307,82.938,0.095,0.001,0.051,86.391,2.097,0.057,55,True
32,32,0.2,76,0,0,67,67,67,3.536,98.513,0.114,0.001,0.061,102.225,2.426,0.129,68,True
32,32,0.2,52,0,0,37,37,37,2.431,115.226,0.142,0.001,0.096,117.895,2.480,0.040,101,True
32,32,0.2,47,0,0,30,30,30,2.447,123.991,0.146,0.001,0.080,126.665,4.786,0.035,139,True
32,32,0.2,76,0,0,60,60,60,2.480,126.977,0.152,0.001,0.087,129.697,4.465,0.086,163,True
32,32,0.2,58,0,0,35,35,35,3.148,132.902,0.162,0.001,0.087,136.299,4.041,0.033,177,True
32,32,0.2,50,0,0,36,36,36,3.177,147.328,0.190,0.001,0.111,150.807,10.533,0.040,221,True
32,32,0.2,46,0,0,33,33,33,2.935,179.962,0.223,0.001,0.104,183.225,16.416,0.057,238,True
32,32,0.2,51,0,0,35,35,35,3.957,502.192,0.742,0.005,0.346,507.243,4.560,0.050,1037,True
32,32,0.2,78,0,0,50,50,50,4.421,824.342,1.298,0.010,0.611,830.681,6.404,0.053,1835,True
32,32,0.2,50,0,0,34,34,34,5.268,1237.398,1.748,0.013,0.824,1245.251,12.442,0.032,2658,True
64,32,0.1,11,0,0,4,4,4,4.361,17.659,0.014,0.000,0.015,22.048,3.544,0.038,5,True
64,32,0.1,14,0,0,6,6,6,6.047,30.109,0.022,0.000,0.017,36.195,4.430,0.016,7,True
64,32,0.1,22,0,0,10,10,10,4.774,46.161,0.035,0.000,0.035,51.005,6.776,0.043,11,True
64,32,0.1,19,0,0,12,12,12,5.679,53.919,0.043,0.000,0.030,59.671,4.041,0.028,13,True
64,32,0.1,28,0,0,17,17,17,4.234,71.751,0.048,0.000,0.029,76.062,2.773,0.031,18,True
64,32,0.1,31,0,0,15,15,15,4.257,72.223,0.052,0.000,0.031,76.564,4.364,0.032,16,True
64,32,0.1,22,0,0,15,15,15,4.478,70.884,0.052,0.000,0.025,75.439,6.304,0.044,21,True
64,32,0.1,26,0,0,16,16,16,4.789,76.415,0.054,0.000,0.036,81.293,4.076,0.049,17,True
64,32,0.1,32,0,0,18,18,18,4.147,80.051,0.058,0.000,0.029,84.286,3.940,0.028,19,True
64,32,0.1,27,0,0,16,16,16,5.392,79.795,0.055,0.000,0.034,85.276,3.903,0.042,17,True
64,32,0.1,29,0,0,18,18,18,4.645,90.446,0.063,0.000,0.038,95.192,3.741,0.052,19,True
64,32,0.1,33,0,0,20,20,20,5.458,89.935,0.072,0.000,0.032,95.497,3.907,0.083,21,True
64,32,0.1,31,0,0,18,18,18,5.959,91.167,0.062,0.000,0.031,97.219,3.951,0.060,19,True
64,32,0.1,41,0,0,21,21,21,5.439,91.867,0.070,0.000,0.033,97.410,4.440,0.037,22,True
64,32,0.1,33,0,0,21,21,21,4.576,95.044,0.069,0.000,0.032,99.722,4.159,0.072,22,True
64,32,0.1,28,0,0,18,18,18,5.342,93.877,0.059,0.000,0.032,99.311,4.665,0.060,19,True
64,32,0.1,38,0,0,23,23,23,5.760,99.736,0.073,0.000,0.029,105.598,5.497,0.065,24,True
64,32,0.1,31,0,0,24,24,24,5.489,109.131,0.075,0.000,0.034,114.729,5.675,0.059,25,True
64,32,0.1,38,0,0,28,28,28,4.306,114.288,0.085,0.000,0.038,118.718,4.653,0.048,29,True
64,32,0.1,45,0,0,31,31,31,6.070,119.564,0.094,0.000,0.054,125.783,3.679,0.064,32,True
64,32,0.1,37,0,0,30,30,30,5.689,120.317,0.092,0.000,0.050,126.148,5.515,0.044,31,True
64,32,0.1,47,0,0,33,33,33,5.290,122.540,0.105,0.000,0.046,127.983,3.901,0.062,34,True
64,32,0.1,43,0,0,29,29,29,5.307,127.682,0.093,0.000,0.040,133.122,6.662,0.068,50,True
64,32,0.1,42,0,0,29,29,29,4.548,129.639,0.086,0.000,0.042,134.317,8.628,0.049,32,True
64,32,0.1,37,0,0,29,29,29,5.300,133.485,0.092,0.000,0.043,138.920,4.302,0.041,30,True
64,32,0.1,48,0,0,34,34,34,5.623,136.019,0.101,0.000,0.040,141.783,3.140,0.093,35,True
64,32,0.1,51,0,0,37,37,37,4.899,135.920,0.104,0.000,0.051,140.974,5.515,0.050,38,True
64,32,0.1,45,0,0,35,35,35,5.745,139.823,0.096,0.000,0.044,145.709,4.201,0.072,36,True
64,32,0.1,48,0,0,39,39,39,4.959,141.925,0.110,0.000,0.047,147.041,3.935,0.075,40,True
64,32,0.1,46,0,0,36,36,36,5.810,141.616,0.101,0.000,0.046,147.574,4.366,0.052,37,True
64,32,0.1,51,0,0,35,35,35,6.175,142.919,0.107,0.000,0.051,149.253,3.895,0.050,36,True
64,32,0.1,52,0,0,37,37,37,5.500,144.219,0.109,0.000,0.042,149.871,4.239,0.089,38,True
64,32,0.1,52,0,0,37,37,37,5.536,144.785,0.100,0.000,0.045,150.466,4.589,0.096,38,True
64,32,0.1,45,0,0,33,33,33,4.516,145.123,0.101,0.000,0.038,149.779,5.544,0.057,35,True
64,32,0.1,48,0,0,40,40,40,5.704,146.194,0.108,0.000,0.044,152.050,4.236,0.106,41,True
64,32,0.1,37,0,0,27,27,27,6.485,143.212,0.093,0.000,0.043,149.833,7.994,0.051,49,True
64,32,0.1,49,0,0,36,36,36,4.813,153.844,0.114,0.001,0.056,158.827,5.272,0.059,37,True
64,32,0.1,44,0,0,36,36,36,5.789,154.354,0.101,0.000,0.043,160.287,4.204,0.047,37,True
64,32,0.1,47,0,0,41,41,41,5.305,156.065,0.112,0.001,0.044,161.527,4.003,0.149,42,True
64,32,0.1,53,0,0,39,39,39,5.409,155.455,0.115,0.001,0.054,161.033,4.246,0.091,40,True
64,32,0.1,52,0,0,43,43,43,5.537,160.889,0.118,0.001,0.046,166.590,3.251,0.064,44,True
64,32,0.1,54,0,0,46,46,46,4.999,165.920,0.126,0.001,0.052,171.097,4.303,0.093,47,True
64,32,0.1,59,0,0,49,49,49,4.562,177.786,0.123,0.001,0.063,182.535,4.406,0.098,50,True
64,32,0.1,54,0,0,40,40,40,5.359,174.218,0.131,0.001,0.048,179.756,7.181,0.078,60,True
64,32,0.1,61,0,0,52,52,52,5.211,190.066,0.152,0.001,0.058,195.488,4.755,0.112,53,True
64,32,0.1,45,0,0,34,34,34,5.046,192.504,0.161,0.001,0.059,197.770,6.201,0.059,77,True
64,32,0.1,67,0,0,51,51,51,5.475,209.141,0.189,0.001,0.081,214.888,6.801,0.108,100,True
64,32,0.1,38,0,0,27,27,27,5.604,231.107,0.188,0.001,0.071,236.971,9.839,0.070,111,True
64,32,0.1,52,0,0,40,40,40,5.676,280.476,0.250,0.001,0.093,286.496,6.586,0.090,161,True
64,32,0.1,71,0,0,58,58,58,6.376,356.291,0.358,0.002,0.111,363.138,6.568,0.115,176,True
64,32,0.1,59,0,0,53,53,53,5.778,378.096,0.338,0.001,0.112,384.326,8.258,0.113,248,True
64,32,0.1,62,0,0,43,43,43,5.011,484.284,0.406,0.001,0.136,489.838,7.473,0.053,335,True
64,32,0.1,49,0,0,37,37,37,6.461,1350.970,1.481,0.007,0.457,1359.377,35.396,0.058,1195,True
64,32,0.1,57,0,0,46,46,46,6.927,1398.056,1.552,0.007,0.476,1407.019,7.439,0.064,1191,True
64,64,0.1,24,0,0,16,16,16,19.510,380.174,0.098,0.000,0.037,399.819,19.724,0.082,17,True
64,64,0.1,27,0,0,22,22,22,21.032,509.522,0.127,0.000,0.043,530.724,18.462,0.172,23,True
64,64,0.1,27,0,0,22,22,22,21.227,521.391,0.113,0.000,0.035,542.765,25.247,0.094,23,True
64,64,0.1,31,0,0,23,23,23,21.880,528.290,0.139,0.000,0.047,550.356,19.026,0.175,24,True
64,64,0.1,32,0,0,23,23,23,19.832,538.344,0.141,0.000,0.043,558.360,20.984,0.131,24,True
64,64,0.1,33,0,0,25,25,25,20.379,552.173,0.138,0.000,0.039,572.730,18.621,0.169,26,True
64,64,0.1,33,0,0,24,24,24,19.217,566.633,0.140,0.000,0.043,586.034,17.554,0.190,25,True
64,64,0.1,31,0,0,24,24,24,20.690,565.858,0.139,0.000,0.038,586.725,18.794,0.151,25,True
64,64,0.1,33,0,0,25,25,25,21.361,580.442,0.146,0.000,0.045,601.995,24.020,0.201,26,True
64,64,0.1,27,0,0,25,25,25,18.571,594.826,0.146,0.000,0.038,613.582,18.808,0.164,26,True
64,64,0.1,36,0,0,26,26,26,20.485,604.902,0.150,0.000,0.042,625.580,17.353,0.117,27,True
64,64,0.1,35,0,0,27,27,27,18.016,622.711,0.142,0.000,0.042,640.910,19.157,0.135,28,True
64,64,0.1,36,0,0,27,27,27,20.484,630.138,0.150,0.000,0.047,650.820,19.171,0.171,28,True
64,64,0.1,30,0,0,23,23,23,22.059,633.763,0.139,0.000,0.041,656.002,20.352,0.174,24,True
64,64,0.1,31,0,0,23,23,23,22.087,639.349,0.144,0.000,0.041,661.621,17.829,0.254,24,True
64,64,0.1,34,0,0,24,24,24,23.816,651.936,0.139,0.000,0.047,675.938,20.473,0.188,25,True
64,64,0.1,30,0,0,26,26,26,20.159,622.759,0.146,0.000,0.041,643.106,65.332,0.258,36,True
64,64,0.1,37,0,0,30,30,30,18.044,684.060,0.160,0.000,0.045,702.310,20.865,0.141,31,True
64,64,0.1,34,0,0,31,31,31,20.545,698.984,0.167,0.000,0.047,719.743,17.623,0.123,32,True
64,64,0.1,38,0,0,31,31,31,23.754,696.522,0.173,0.000,0.047,720.497,18.265,0.178,32,True
64,64,0.1,43,0,0,31,31,31,20.610,699.423,0.170,0.000,0.045,720.247,25.532,0.114,32,True
64,64,0.1,37,0,0,33,33,33,21.930,711.220,0.189,0.000,0.054,733.394,19.551,0.184,34,True
64,64,0.1,45,0,0,38,38,38,20.802,730.067,0.209,0.001,0.056,751.135,19.342,0.220,39,True
64,64,0.1,44,0,0,34,34,34,20.801,729.159,0.183,0.000,0.050,750.193,23.622,0.208,35,True
64,64,0.1,41,0,0,33,33,33,20.648,737.690,0.176,0.001,0.047,758.561,20.224,0.181,34,True
64,64,0.1,48,0,0,36,36,36,19.553,749.969,0.206,0.001,0.050,769.778,17.901,0.251,37,True
64,64,0.1,39,0,0,35,35,35,21.531,750.754,0.187,0.001,0.054,772.527,17.041,0.237,36,True
64,64,0.1,43,0,0,36,36,36,20.341,761.310,0.173,0.001,0.044,781.869,17.752,0.351,37,True
64,64,0.1,39,0,0,36,36,36,22.341,754.830,0.195,0.001,0.050,777.416,19.034,0.193,37,True
64,64,0.1,34,0,0,29,29,29,22.747,751.392,0.174,0.000,0.045,774.357,20.463,0.218,30,True
64,64,0.1,33,0,0,31,31,31,23.601,759.805,0.168,0.000,0.047,783.621,19.703,0.207,32,True
64,64,0.1,33,0,0,32,31,31,21.217,760.611,0.180,0.000,0.057,782.066,25.589,0.210,32,True
64,64,0.1,44,0,0,35,35,35,21.324,780.513,0.191,0.001,0.052,802.081,17.872,0.377,36,True
64,64,0.1,33,0,0,30,30,30,24.230,775.003,0.158,0.000,0.049,799.439,19.166,0.197,31,True
64,64,0.1,44,0,0,38,38,38,17.799,784.786,0.197,0.001,0.052,802.835,19.739,0.122,39,True
64,64,0.1,43,0,0,39,39,39,23.397,804.560,0.203,0.001,0.068,828.229,19.418,0.278,40,True
64,64,0.1,50,0,0,38,38,38,21.264,818.705,0.206,0.001,0.058,840.233,20.068,0.162,39,True
64,64,0.1,48,0,0,40,40,40,22.384,820.992,0.217,0.001,0.055,843.648,18.653,0.271,41,True
64,64,0.1,44,0,0,40,40,40,19.516,828.713,0.201,0.001,0.055,848.485,19.461,0.292,41,True
64,64,0.1,39,0,0,36,36,36,22.299,840.850,0.194,0.001,0.053,863.396,20.349,0.194,37,True
64,64,0.1,52,0,0,39,39,39,22.980,848.137,0.191,0.001,0.050,871.358,19.070,0.173,40,True
64,64,0.1,49,0,0,44,44,44,21.203,870.726,0.217,0.001,0.052,892.198,23.387,0.191,45,True
64,64,0.1,56,0,0,48,48,48,22.138,882.166,0.229,0.001,0.059,904.594,23.292,0.196,49,True
64,64,0.1,56,0,0,49,49,49,20.965,888.686,0.261,0.001,0.068,909.981,18.969,0.285,50,True
64,64,0.1,60,0,0,50,50,50,18.970,901.580,0.252,0.001,0.060,920.863,19.807,0.154,51,True
64,64,0.1,33,0,0,27,27,27,18.537,919.014,0.219,0.000,0.053,937.823,26.251,0.142,68,True
64,64,0.1,55,0,0,48,48,48,18.277,928.116,0.232,0.001,0.058,946.683,19.453,0.186,49,True
64,64,0.1,48,0,0,41,41,41,21.610,930.385,0.204,0.001,0.065,952.265,23.676,0.217,42,True
64,64,0.1,53,0,0,45,45,45,21.542,935.396,0.232,0.001,0.064,957.235,21.366,0.166,46,True
64,64,0.1,60,0,0,49,49,49,23.397,940.338,0.260,0.001,0.060,964.057,17.342,0.395,50,True
64,64,0.1,39,0,0,28,28,28,18.452,934.089,0.216,0.000,0.079,952.838,31.521,0.139,68,True
64,64,0.1,56,0,0,47,47,47,21.829,962.535,0.222,0.001,0.067,984.653,20.306,0.290,48,True
64,64,0.1,65,0,0,55,55,55,24.282,980.792,0.284,0.001,0.070,1005.429,18.593,0.360,56,True
64,64,0.1,61,0,0,51,51,51,22.587,985.119,0.252,0.001,0.073,1008.032,21.931,0.205,52,True
64,64,0.1,78,0,0,69,69,69,24.215,1131.411,0.326,0.001,0.084,1156.037,23.714,0.336,70,True
64,64,0.1,80,0,0,79,79,79,19.865,1212.062,0.360,0.002,0.085,1232.375,19.384,0.293,80,True
64,64,0.1,75,0,0,71,71,71,22.889,1216.178,0.344,0.001,0.083,1239.496,21.332,0.224,72,True
64,64,0.1,34,0,0,30,30,30,21.503,1055.185,0.294,0.001,0.080,1077.062,232.020,0.318,105,True
64,16,0.2,8,0,0,1,1,1,0.865,0.488,0.003,0.000,0.016,1.372,0.572,0.008,2,True
64,16,0.2,11,0,0,1,1,1,1.073,0.471,0.002,0.000,0.013,1.559,0.785,0.010,2,True
64,16,0.2,5,0,0,1,1,1,1.264,0.479,0.003,0.000,0.014,1.760,0.676,0.012,2,True
64,16,0.2,15,0,0,2,2,2,1.274,1.632,0.004,0.000,0.012,2.922,0.599,0.018,3,True
64,16,0.2,13,0,0,2,2,2,0.992,1.554,0.005,0.000,0.011,2.562,0.761,0.013,3,True
64,16,0.2,12,0,0,3,3,3,0.938,2.160,0.009,0.000,0.018,3.125,0.518,0.013,4,True
64,16,0.2,7,0,0,3,3,3,1.269,2.225,0.008,0.000,0.020,3.522,0.769,0.017,4,True
64,16,0.2,20,0,0,4,4,4,1.235,3.279,0.010,0.000,0.023,4.546,0.657,0.011,5,True
64,16,0.2,15,0,0,4,4,4,1.339,2.509,0.008,0.000,0.021,3.878,0.781,0.253,5,True
64,16,0.2,28,0,0,5,5,5,1.280,3.184,0.009,0.000,0.019,4.493,0.716,0.012,6,True
64,16,0.2,11,0,0,3,3,3,1.429,2.719,0.009,0.000,0.017,4.175,0.684,0.209,4,True
64,16,0.2,18,0,0,5,5,5,1.200,4.046,0.013,0.000,0.016,5.274,0.533,0.020,6,True
64,16,0.2,19,0,0,5,5,5,1.117,4.451,0.013,0.000,0.022,5.602,0.812,0.010,6,True
64,16,0.2,15,0,0,6,6,6,1.731,4.172,0.012,0.000,0.019,5.935,0.808,0.012,7,True
64,16,0.2,14,0,0,8,8,8,0.810,6.279,0.017,0.000,0.018,7.123,0.542,0.008,9,True
64,16,0.2,32,0,0,10,10,10,1.051,6.299,0.019,0.000,0.025,7.394,0.495,0.020,11,True
64,16,0.2,39,0,0,11,11,11,1.021,6.727,0.019,0.000,0.017,7.784,0.523,0.013,12,True
64,16,0.2,28,0,0,11,11,11,1.108,6.922,0.022,0.000,0.021,8.072,0.490,0.039,12,True
64,16,0.2,32,0,0,11,11,11,1.186,6.831,0.022,0.000,0.023,8.061,0.518,0.025,12,True
64,16,0.2,24,0,0,12,12,12,0.827,7.786,0.019,0.000,0.019,8.651,0.562,0.058,13,True
64,16,0.2,14,0,0,7,7,7,1.520,6.174,0.017,0.000,0.025,7.736,0.839,0.018,8,True
64,16,0.2,34,0,0,11,11,11,1.420,6.574,0.019,0.000,0.028,8.041,0.837,0.018,12,True
64,16,0.2,30,0,0,12,12,12,0.919,8.212,0.023,0.000,0.021,9.175,0.460,0.015,13,True
64,16,0.2,24,0,0,12,12,12,1.082,7.322,0.021,0.000,0.024,8.449,0.758,0.020,13,True
64,16,0.2,34,0,0,10,10,10,1.629,7.534,0.020,0.000,0.025,9.208,0.763,0.016,11,True
64,16,0.2,28,0,0,11,11,11,1.788,7.107,0.022,0.000,0.029,8.946,0.731,0.214,12,True
64,16,0.2,33,0,0,12,12,12,1.497,7.635,0.022,0.000,0.024,9.178,0.781,0.028,13,True
64,16,0.2,37,0,0,15,15,15,1.010,9.550,0.024,0.000,0.022,10.605,0.535,0.018,16,True
64,16,0.2,32,0,0,15,15,15,1.301,9.038,0.026,0.000,0.028,10.393,0.696,0.025,16,True
64,16,0.2,33,0,0,14,14,14,1.650,9.231,0.025,0.000,0.032,10.938,0.648,0.027,15,True
64,16,0.2,39,0,0,18,18,18,0.957,10.823,0.032,0.000,0.026,11.838,0.505,0.031,19,True
64,16,0.2,34,0,0,19,19,19,1.571,10.612,0.029,0.000,0.028,12.240,0.774,0.031,20,True
64,16,0.2,33,0,0,20,20,20,1.111,11.275,0.032,0.000,0.024,12.442,0.743,0.021,21,True
64,16,0.2,33,0,0,21,21,21,1.144,11.911,0.033,0.000,0.032,13.120,0.525,0.020,22,True
64,16,0.2,39,0,0,23,23,23,0.955,12.552,0.036,0.000,0.027,13.571,0.592,0.024,24,True
64,16,0.2,35,0,0,15,15,15,1.561,11.428,0.029,0.000,0.032,13.050,0.731,0.027,16,True
64,16,0.2,28,0,0,18,18,18,1.317,12.271,0.030,0.000,0.024,13.642,0.509,0.026,19,True
64,16,0.2,37,0,0,20,20,20,1.372,12.162,0.039,0.000,0.034,13.607,0.579,0.029,21,True
64,16,0.2,44,0,0,22,22,22,1.577,11.867,0.035,0.000,0.026,13.505,0.796,0.031,23,True
64,16,0.2,44,0,0,22,22,22,1.160,12.807,0.038,0.000,0.028,14.034,0.671,0.018,23,True
64,16,0.2,43,0,0,21,21,21,0.979,13.521,0.039,0.000,0.031,14.569,0.605,0.020,22,True
64,16,0.2,37,0,0,20,20,20,1.166,13.679,0.035,0.000,0.031,14.911,0.692,0.021,21,True
64,16,0.2,49,0,0,22,22,22,1.573,13.075,0.034,0.000,0.029,14.711,0.812,0.027,23,True
64,16,0.2,37,0,0,22,22,22,1.325,13.756,0.038,0.000,0.035,15.154,0.600,0.052,23,True
64,16,0.2,42,0,0,25,25,25,0.847,15.474,0.043,0.000,0.031,16.396,0.581,0.021,26,True
64,16,0.2,38,0,0,24,24,24,1.196,14.587,0.041,0.000,0.030,15.854,0.959,0.055,28,True
64,16,0.2,51,0,0,24,24,24,1.691,14.520,0.042,0.000,0.033,16.286,1.191,0.058,26,True
64,16,0.2,48,0,0,29,29,29,1.195,16.051,0.044,0.000,0.030,17.321,0.531,0.031,30,True
64,16,0.2,49,0,0,31,31,31,1.665,16.465,0.050,0.000,0.047,18.228,0.783,0.037,32,True
64,16,0.2,53,0,0,35,35,35,1.244,17.819,0.056,0.000,0.041,19.161,1.098,0.026,46,True
64,16,0.2,55,0,0,38,38,38,1.631,18.202,0.056,0.000,0.035,19.925,0.794,0.075,39,True
64,16,0.2,68,0,0,43,43,43,1.644,21.469,0.065,0.000,0.044,23.222,1.088,0.071,52,True
64,16,0.2,78,0,0,48,48,48,1.667,21.425,0.078,0.001,0.056,23.227,1.217,0.114,49,True
64,16,0.2,71,0,0,44,44,44,1.471,23.088,0.071,0.001,0.049,24.680,0.733,0.086,45,True
64,16,0.2,70,0,0,49,49,49,1.347,23.062,0.075,0.001,0.053,24.537,1.627,0.082,58,True
64,16,0.2,54,0,0,38,38,38,1.550,39.219,0.150,0.001,0.086,41.006,1.345,0.081,128,True
64,16,0.2,55,0,0,38,38,38,1.092,45.674,0.154,0.001,0.086,47.006,5.263,0.321,213,True
64,16,0.2,69,0,0,45,45,45,1.724,87.550,0.315,0.002,0.154,89.746,1.529,0.099,400,True
64,16,0.2,56,0,0,37,37,37,4.573,680.567,2.542,0.016,1.070,688.768,3.886,0.068,4077,True
