16,16,0.800,40,0,0,1,1,1,0.230,0.095,0.001,0.000,0.008,0.333,0.132,0.002,2,True
16,16,0.800,74,0,0,1,1,1,0.234,0.127,0.001,0.000,0.010,0.372,0.107,0.003,2,True
16,16,0.800,56,0,0,1,1,1,0.227,0.091,0.001,0.000,0.010,0.329,0.124,0.003,2,True
16,16,0.800,67,0,0,1,1,1,0.269,0.081,0.001,0.000,0.008,0.360,0.146,0.002,2,True
16,16,0.800,48,0,0,2,2,2,0.244,0.240,0.002,0.000,0.010,0.496,0.120,0.002,3,True
16,16,0.800,55,0,0,1,1,1,0.240,0.105,0.001,0.000,0.010,0.357,0.116,0.002,2,True
16,16,0.800,31,0,0,1,1,1,0.207,0.130,0.001,0.000,0.008,0.346,0.110,0.002,2,True
16,16,0.800,48,0,0,2,2,2,0.248,0.205,0.002,0.000,0.009,0.464,0.100,0.002,3,True
16,16,0.800,52,0,0,2,2,2,0.343,0.353,0.003,0.000,0.011,0.710,0.144,0.002,3,True
16,16,0.800,45,0,0,1,1,1,0.211,0.166,0.002,0.000,0.012,0.390,0.088,0.003,2,True
16,16,0.800,31,0,0,2,2,2,0.284,0.258,0.002,0.000,0.009,0.553,0.143,0.003,3,True
16,16,0.800,62,0,0,2,2,2,0.267,0.263,0.004,0.000,0.013,0.546,0.091,0.004,3,True
16,16,0.800,36,0,0,4,4,4,0.252,0.433,0.004,0.000,0.013,0.701,0.130,0.003,5,True
16,16,0.800,62,0,0,3,3,3,0.256,0.403,0.004,0.000,0.012,0.676,0.107,0.003,4,True
16,16,0.800,48,0,0,1,1,1,0.263,0.120,0.001,0.000,0.009,0.392,0.108,0.004,2,True
16,16,0.800,70,0,0,4,4,4,0.243,0.509,0.005,0.000,0.016,0.773,0.094,0.003,5,True
16,16,0.800,43,0,0,3,3,3,0.188,0.443,0.003,0.000,0.008,0.642,0.107,0.003,4,True
16,16,0.800,56,0,0,1,1,1,0.317,0.084,0.001,0.000,0.010,0.412,0.138,0.005,2,True
16,16,0.800,48,0,0,3,3,3,0.260,0.430,0.003,0.000,0.010,0.703,0.124,0.003,4,True
16,16,0.800,30,0,0,1,1,1,0.396,0.107,0.002,0.000,0.010,0.515,0.143,0.003,2,True
16,16,0.800,67,0,0,4,4,4,0.270,0.505,0.003,0.000,0.010,0.789,0.127,0.002,5,True
16,16,0.800,53,0,0,2,2,2,0.328,0.235,0.002,0.000,0.010,0.575,0.120,0.003,3,True
16,16,0.800,68,0,0,1,1,1,0.377,0.120,0.001,0.000,0.009,0.506,0.141,0.004,2,True
16,16,0.800,72,0,0,2,2,2,0.335,0.379,0.003,0.000,0.013,0.730,0.136,0.004,3,True
16,16,0.800,54,0,0,1,1,1,0.351,0.129,0.002,0.000,0.015,0.497,0.140,0.004,2,True
16,16,0.800,68,0,0,4,4,4,0.391,0.554,0.004,0.000,0.014,0.962,0.144,0.004,5,True
16,16,0.800,69,0,0,4,4,4,0.354,0.530,0.004,0.000,0.012,0.901,0.143,0.005,5,True
16,16,0.800,63,0,0,5,5,5,0.310,0.676,0.005,0.000,0.014,1.005,0.128,0.006,6,True
16,16,0.800,69,0,0,7,7,7,0.342,0.971,0.007,0.000,0.016,1.335,0.100,0.003,8,True
16,16,0.800,58,0,0,1,1,1,0.237,0.090,0.001,0.000,0.010,0.337,0.118,0.002,2,True
16,16,0.800,48,0,0,1,1,1,0.298,0.116,0.001,0.000,0.010,0.426,0.096,0.002,2,True
16,16,0.800,64,0,0,8,8,8,0.254,1.207,0.009,0.000,0.019,1.488,0.104,0.004,9,True
16,16,0.800,44,0,0,1,1,1,0.198,0.084,0.001,0.000,0.008,0.291,0.118,0.003,2,True
16,16,0.800,85,0,0,2,2,2,0.293,0.210,0.002,0.000,0.010,0.514,0.153,0.003,3,True
16,16,0.800,66,0,0,13,13,13,0.305,1.688,0.012,0.000,0.018,2.022,0.111,0.005,14,True
16,16,0.800,48,0,0,2,2,2,0.239,0.296,0.004,0.000,0.012,0.551,0.132,0.003,3,True
16,16,0.800,44,0,0,1,1,1,0.314,0.188,0.002,0.000,0.012,0.515,0.098,0.004,2,True
16,16,0.800,82,0,0,4,4,4,0.304,0.465,0.004,0.000,0.010,0.783,0.105,0.003,5,True
16,16,0.800,78,0,0,2,2,2,0.338,0.329,0.003,0.000,0.014,0.685,0.097,0.003,3,True
16,16,0.800,44,0,0,4,4,4,0.280,0.565,0.004,0.000,0.013,0.863,0.143,0.005,5,True
16,16,0.800,79,0,0,6,6,6,0.270,0.747,0.005,0.000,0.013,1.036,0.120,0.004,7,True
16,16,0.800,74,0,0,6,6,6,0.375,0.762,0.006,0.000,0.012,1.154,0.105,0.005,7,True
16,16,0.800,43,0,0,3,3,3,0.219,0.358,0.002,0.000,0.010,0.589,0.117,0.003,4,True
16,16,0.800,73,0,0,4,4,4,0.300,0.551,0.003,0.000,0.009,0.863,0.108,0.004,5,True
16,16,0.800,54,0,0,3,3,3,0.363,0.434,0.003,0.000,0.012,0.812,0.110,0.004,4,True
16,16,0.800,57,0,0,2,2,2,0.296,0.229,0.002,0.000,0.012,0.539,0.138,0.004,3,True
16,16,0.800,78,0,0,3,3,3,0.278,0.292,0.003,0.000,0.011,0.584,0.142,0.003,4,True
16,16,0.800,64,0,0,14,14,14,0.209,1.890,0.011,0.000,0.015,2.124,0.132,0.005,15,True
16,16,0.800,50,0,0,1,1,1,0.230,0.115,0.001,0.000,0.009,0.355,0.104,0.002,2,True
16,16,0.800,52,0,0,1,1,1,0.370,0.157,0.001,0.000,0.007,0.535,0.148,0.005,2,True
16,16,0.800,72,0,0,3,3,3,0.227,0.341,0.002,0.000,0.009,0.579,0.112,0.003,4,True
16,16,0.800,67,0,0,2,2,2,0.396,0.246,0.002,0.000,0.011,0.656,0.112,0.004,3,True
16,16,0.800,72,0,0,4,4,4,0.357,0.497,0.004,0.000,0.011,0.868,0.099,0.003,5,True
16,16,0.800,57,0,0,1,1,1,0.391,0.143,0.002,0.000,0.012,0.548,0.092,0.006,2,True
16,16,0.800,82,0,0,5,5,5,0.299,0.555,0.004,0.000,0.011,0.869,0.143,0.005,6,True
16,16,0.800,41,0,0,2,2,2,0.371,0.360,0.002,0.000,0.011,0.745,0.089,0.002,3,True
16,16,0.800,33,0,0,2,2,2,0.298,0.341,0.002,0.000,0.012,0.653,0.146,0.004,3,True
16,16,0.800,104,0,0,20,20,20,0.271,2.829,0.017,0.000,0.023,3.141,0.452,0.010,22,True
16,16,0.800,66,0,0,1,1,1,0.322,0.184,0.002,0.000,0.016,0.523,0.120,0.002,2,True
16,16,0.800,56,0,0,1,1,1,0.206,0.129,0.001,0.000,0.009,0.346,0.094,0.003,2,True
16,16,0.800,59,0,0,1,1,1,0.368,0.195,0.002,0.000,0.013,0.578,0.111,0.005,2,True
16,16,0.800,79,0,0,6,6,6,0.276,0.827,0.005,0.000,0.011,1.120,0.124,0.003,7,True
16,16,0.800,41,0,0,1,1,1,0.294,0.107,0.001,0.000,0.010,0.411,0.096,0.002,2,True
16,16,0.800,77,0,0,8,8,8,0.239,0.913,0.007,0.000,0.015,1.173,0.122,0.008,9,True
16,16,0.800,53,0,0,4,4,4,0.257,0.540,0.003,0.000,0.012,0.813,0.142,0.003,5,True
16,16,0.800,58,0,0,5,5,5,0.277,0.756,0.005,0.000,0.013,1.050,0.137,0.006,6,True
16,16,0.800,76,0,0,23,23,23,0.327,3.338,0.022,0.000,0.026,3.714,0.124,0.008,24,True
16,16,0.800,65,0,0,4,4,4,0.372,0.642,0.005,0.000,0.013,1.031,0.142,0.005,5,True
16,16,0.800,49,0,0,4,4,4,0.296,0.415,0.003,0.000,0.011,0.726,0.148,0.003,5,True
16,16,0.800,35,0,0,2,2,2,0.316,0.234,0.002,0.000,0.010,0.561,0.150,0.005,3,True
16,16,0.800,61,0,0,3,3,3,0.286,0.372,0.003,0.000,0.009,0.670,0.118,0.003,4,True
16,16,0.800,80,0,0,9,9,9,0.255,1.105,0.008,0.000,0.014,1.382,0.097,0.004,10,True
16,16,0.800,77,0,0,2,2,2,0.232,0.204,0.002,0.000,0.009,0.447,0.128,0.002,3,True
16,16,0.800,63,0,0,3,3,3,0.348,0.390,0.003,0.000,0.010,0.752,0.160,0.005,4,True
16,16,0.800,63,0,0,5,5,5,0.264,0.604,0.005,0.000,0.013,0.887,0.129,0.006,6,True
16,16,0.800,73,0,0,1,1,1,0.239,0.147,0.001,0.000,0.008,0.395,0.107,0.003,2,True
16,16,0.800,52,0,0,2,2,2,0.331,0.312,0.002,0.000,0.011,0.656,0.162,0.005,3,True
16,16,0.800,62,0,0,5,5,5,0.288,0.541,0.005,0.000,0.011,0.845,0.106,0.003,6,True
16,16,0.800,59,0,0,8,8,8,0.425,0.947,0.008,0.000,0.015,1.395,0.138,0.006,9,True
16,16,0.800,58,0,0,2,2,2,0.390,0.303,0.003,0.000,0.012,0.708,0.096,0.004,3,True
16,16,0.800,62,0,0,2,2,2,0.310,0.241,0.002,0.000,0.011,0.564,0.144,0.004,3,True
16,16,0.800,68,0,0,6,6,6,0.282,0.779,0.005,0.000,0.010,1.077,0.118,0.005,7,True
16,16,0.800,82,0,0,11,11,11,0.246,1.404,0.008,0.000,0.015,1.673,0.244,0.007,13,True
16,16,0.800,59,0,0,7,7,7,0.265,0.847,0.005,0.000,0.013,1.129,0.133,0.004,8,True
16,16,0.800,35,0,0,1,1,1,0.300,0.121,0.001,0.000,0.007,0.429,0.094,0.003,2,True
16,16,0.800,48,0,0,4,4,4,0.302,0.472,0.004,0.000,0.011,0.788,0.117,0.006,5,True
16,16,0.800,55,0,0,3,3,3,0.228,0.316,0.002,0.000,0.009,0.555,0.119,0.005,4,True
16,16,0.800,57,0,0,2,2,2,0.212,0.192,0.002,0.000,0.009,0.416,0.156,0.003,3,True
16,16,0.800,59,0,0,6,6,6,0.239,0.818,0.006,0.000,0.015,1.078,0.205,0.003,7,True
16,16,0.800,60,0,0,1,1,1,0.193,0.074,0.001,0.000,0.008,0.276,0.101,0.004,2,True
16,16,0.800,54,0,0,2,2,2,0.271,0.220,0.002,0.000,0.010,0.502,0.141,0.002,3,True
16,16,0.800,82,0,0,18,18,18,0.395,2.240,0.012,0.000,0.015,2.662,0.145,0.011,19,True
16,16,0.800,80,0,0,17,17,17,0.344,2.126,0.014,0.000,0.021,2.505,0.124,0.007,18,True
16,16,0.800,47,0,0,1,1,1,0.196,0.111,0.001,0.000,0.008,0.316,0.096,0.003,2,True
16,16,0.800,43,0,0,2,2,2,0.169,0.094,0.002,0.000,0.009,0.273,0.095,0.003,3,True
16,16,0.800,73,0,0,3,3,3,0.177,0.264,0.002,0.000,0.010,0.453,0.093,0.003,4,True
16,16,0.800,79,0,0,2,2,2,0.183,0.173,0.002,0.000,0.009,0.366,0.104,0.003,3,True
16,16,0.800,60,0,0,2,2,2,0.178,0.182,0.002,0.000,0.010,0.371,0.115,0.002,3,True
16,16,0.800,108,0,0,1,1,1,0.189,0.079,0.001,0.000,0.009,0.277,0.093,0.003,2,True
16,16,0.800,76,0,0,1,1,1,0.179,0.079,0.001,0.000,0.009,0.268,0.089,0.002,2,True
16,16,0.800,64,0,0,2,2,2,0.170,0.153,0.002,0.000,0.009,0.333,0.086,0.002,3,True
16,16,0.800,73,0,0,1,1,1,0.177,0.076,0.001,0.000,0.009,0.264,0.095,0.003,2,True
16,16,0.800,63,0,0,4,4,4,0.200,0.431,0.003,0.000,0.011,0.646,0.113,0.003,5,True
16,16,0.800,84,0,0,3,3,3,0.184,0.287,0.002,0.000,0.011,0.484,0.101,0.003,4,True
16,16,0.800,54,0,0,2,2,2,0.176,0.172,0.002,0.000,0.007,0.356,0.087,0.002,3,True
16,16,0.800,48,0,0,1,1,1,0.169,0.071,0.001,0.000,0.008,0.249,0.089,0.002,2,True
16,16,0.800,39,0,0,1,1,1,0.174,0.076,0.001,0.000,0.009,0.261,0.086,0.002,2,True
16,16,0.800,57,0,0,1,1,1,0.172,0.103,0.001,0.000,0.009,0.285,0.088,0.002,2,True
16,16,0.800,55,0,0,3,3,3,0.189,0.304,0.002,0.000,0.009,0.503,0.089,0.003,4,True
16,16,0.800,67,0,0,3,3,3,0.221,0.257,0.002,0.000,0.010,0.491,0.086,0.002,4,True
16,16,0.800,99,0,0,10,10,10,0.194,0.976,0.006,0.000,0.013,1.189,0.199,0.004,11,True
16,16,0.800,89,0,0,11,11,11,0.267,0.973,0.007,0.000,0.014,1.261,0.105,0.005,12,True
16,16,0.800,95,0,0,17,17,17,0.200,1.396,0.007,0.000,0.013,1.616,0.095,0.006,18,True
16,16,0.800,106,0,0,22,22,22,0.196,1.837,0.010,0.000,0.017,2.060,0.163,0.007,23,True
32,16,0.400,25,0,0,3,3,3,0.443,0.743,0.004,0.000,0.010,1.199,0.239,0.003,4,True
32,16,0.400,30,0,0,5,5,5,0.414,1.342,0.005,0.000,0.011,1.773,0.209,0.004,6,True
32,16,0.400,27,0,0,6,6,6,0.487,1.909,0.010,0.000,0.028,2.434,0.234,0.008,7,True
32,16,0.400,30,0,0,7,7,7,0.710,2.309,0.010,0.000,0.018,3.047,0.211,0.004,8,True
32,16,0.400,26,0,0,5,5,5,0.743,1.652,0.008,0.000,0.033,2.435,0.309,0.007,6,True
32,16,0.400,35,0,0,5,5,5,0.783,2.145,0.010,0.000,0.029,2.966,0.297,0.007,6,True
32,16,0.400,33,0,0,8,8,8,0.517,2.852,0.010,0.000,0.015,3.394,0.281,0.005,9,True
32,16,0.400,35,0,0,8,8,8,0.768,2.494,0.011,0.000,0.022,3.296,0.303,0.008,9,True
32,16,0.400,48,0,0,13,13,13,0.676,4.092,0.018,0.000,0.021,4.807,0.200,0.007,14,True
32,16,0.400,47,0,0,12,12,12,0.653,4.103,0.014,0.000,0.017,4.788,0.219,0.006,13,True
32,16,0.400,45,0,0,12,12,12,0.785,4.406,0.019,0.000,0.025,5.234,0.233,0.008,13,True
32,16,0.400,30,0,0,13,13,13,0.662,4.379,0.018,0.000,0.023,5.081,0.372,0.015,14,True
32,16,0.400,43,0,0,15,15,15,0.555,4.690,0.022,0.000,0.036,5.304,0.203,0.013,16,True
32,16,0.400,50,0,0,15,15,15,0.567,4.867,0.020,0.000,0.019,5.472,0.223,0.008,16,True
32,16,0.400,45,0,0,13,13,13,0.787,4.306,0.017,0.000,0.025,5.134,0.342,0.014,14,True
32,16,0.400,49,0,0,15,15,15,0.653,4.639,0.020,0.000,0.024,5.336,0.227,0.012,16,True
32,16,0.400,39,0,0,15,15,15,0.695,4.682,0.019,0.000,0.029,5.425,0.279,0.013,16,True
32,16,0.400,35,0,0,16,16,16,0.585,5.448,0.024,0.000,0.029,6.086,0.233,0.008,17,True
32,16,0.400,44,0,0,14,14,14,0.806,5.176,0.018,0.000,0.028,6.028,0.253,0.015,15,True
32,16,0.400,32,0,0,11,11,11,0.587,5.045,0.021,0.000,0.026,5.678,0.352,0.006,12,True
32,16,0.400,32,0,0,15,15,15,0.598,5.448,0.022,0.000,0.025,6.093,0.262,0.014,16,True
32,16,0.400,34,0,0,16,16,16,0.792,5.088,0.023,0.000,0.033,5.935,0.491,0.014,17,True
32,16,0.400,50,0,0,22,22,22,0.632,6.109,0.028,0.000,0.026,6.795,0.219,0.010,23,True
32,16,0.400,25,0,0,6,6,6,0.716,1.944,0.007,0.000,0.014,2.681,0.286,0.005,7,True
32,16,0.400,44,0,0,20,20,20,0.552,6.055,0.025,0.000,0.031,6.662,0.224,0.012,21,True
32,16,0.400,48,0,0,12,12,12,0.775,5.478,0.022,0.000,0.042,6.318,0.236,0.011,13,True
32,16,0.400,36,0,0,13,13,13,0.824,5.813,0.022,0.000,0.043,6.702,0.285,0.011,14,True
32,16,0.400,50,0,0,20,20,20,0.527,6.654,0.028,0.000,0.029,7.238,0.210,0.016,21,True
32,16,0.400,24,0,0,3,3,3,0.902,1.653,0.006,0.000,0.024,2.585,0.542,0.018,4,True
32,16,0.400,44,0,0,21,21,21,0.617,6.761,0.025,0.000,0.023,7.426,0.315,0.017,22,True
32,16,0.400,48,0,0,21,21,21,0.500,7.118,0.027,0.000,0.024,7.669,0.264,0.017,22,True
32,16,0.400,53,0,0,22,22,22,0.816,7.491,0.032,0.000,0.037,8.377,0.224,0.010,23,True
32,16,0.400,43,0,0,7,7,7,0.686,1.956,0.009,0.000,0.024,2.675,0.311,0.008,8,True
32,16,0.400,41,0,0,19,19,19,1.001,7.904,0.028,0.000,0.032,8.967,0.247,0.016,20,True
32,16,0.400,57,0,0,22,22,22,0.713,8.182,0.032,0.000,0.029,8.956,0.257,0.009,23,True
32,16,0.400,44,0,0,21,21,21,0.818,7.929,0.033,0.000,0.040,8.820,0.247,0.009,22,True
32,16,0.400,45,0,0,20,20,20,0.928,7.849,0.029,0.000,0.037,8.844,0.315,0.015,21,True
32,16,0.400,47,0,0,26,26,26,0.852,8.483,0.035,0.000,0.045,9.415,0.319,0.011,27,True
32,16,0.400,32,0,0,3,3,3,0.821,1.080,0.005,0.000,0.032,1.939,0.329,0.004,4,True
32,16,0.400,41,0,0,24,24,24,0.841,9.536,0.036,0.000,0.046,10.459,0.280,0.018,25,True
32,16,0.400,63,0,0,30,30,30,0.684,10.540,0.042,0.000,0.031,11.297,0.233,0.023,31,True
32,16,0.400,40,0,0,22,22,22,0.938,9.437,0.032,0.000,0.033,10.440,0.452,0.011,23,True
32,16,0.400,81,0,0,26,26,26,0.809,10.254,0.036,0.002,0.038,11.138,0.376,0.012,27,True
32,16,0.400,31,0,0,7,7,7,0.939,2.600,0.010,0.000,0.022,3.571,0.349,0.008,8,True
32,16,0.400,29,0,0,12,12,12,0.566,3.645,0.016,0.000,0.020,4.247,0.219,0.006,13,True
32,16,0.400,29,0,0,5,5,5,0.808,2.094,0.009,0.000,0.028,2.939,0.281,0.007,6,True
32,16,0.400,31,0,0,7,7,7,0.652,2.767,0.012,0.000,0.022,3.453,0.427,0.009,8,True
32,16,0.400,63,0,0,35,35,35,0.947,10.774,0.048,0.000,0.051,11.821,0.306,0.021,36,True
32,16,0.400,25,0,0,7,7,7,0.638,2.973,0.014,0.000,0.030,3.654,0.252,0.008,8,True
32,16,0.400,47,0,0,19,19,19,0.840,6.459,0.027,0.000,0.039,7.364,0.286,0.016,20,True
32,16,0.400,56,0,0,29,29,29,0.995,12.012,0.044,0.000,0.054,13.104,0.284,0.013,30,True
32,16,0.400,29,0,0,10,10,10,0.812,3.430,0.015,0.000,0.032,4.288,0.262,0.006,11,True
32,16,0.400,49,0,0,19,19,19,0.529,6.564,0.028,0.000,0.032,7.153,0.236,0.016,20,True
32,16,0.400,46,0,0,9,9,9,0.702,3.416,0.017,0.000,0.019,4.153,0.273,0.010,10,True
32,16,0.400,58,0,0,25,25,25,0.693,7.803,0.029,0.000,0.025,8.550,0.269,0.020,26,True
32,16,0.400,46,0,0,14,14,14,0.762,4.584,0.019,0.000,0.029,5.393,0.410,0.012,15,True
32,16,0.400,71,0,0,39,39,39,0.993,12.530,0.053,0.001,0.041,13.618,0.316,0.030,40,True
32,16,0.400,67,0,0,41,41,41,0.710,13.194,0.058,0.001,0.039,14.000,0.258,0.016,42,True
32,16,0.400,43,0,0,12,12,12,0.659,3.873,0.018,0.000,0.034,4.584,0.281,0.011,13,True
32,16,0.400,79,0,0,39,39,39,0.781,13.297,0.052,0.001,0.041,14.172,0.231,0.019,40,True
32,16,0.400,32,0,0,3,3,3,0.755,1.161,0.006,0.000,0.023,1.945,0.388,0.006,4,True
32,16,0.400,45,0,0,13,13,13,0.660,3.835,0.018,0.000,0.026,4.539,0.355,0.007,14,True
32,16,0.400,75,0,0,40,40,40,0.802,13.119,0.055,0.001,0.050,14.026,0.327,0.016,41,True
32,16,0.400,79,0,0,44,44,44,0.616,13.527,0.058,0.001,0.048,14.250,0.331,0.018,45,True
32,16,0.400,71,0,0,35,35,35,0.773,13.399,0.049,0.000,0.037,14.257,0.446,0.026,36,True
32,16,0.400,50,0,0,17,17,17,0.666,6.249,0.024,0.000,0.038,6.977,0.282,0.009,18,True
32,16,0.400,40,0,0,17,17,17,0.851,5.805,0.024,0.000,0.028,6.708,0.348,0.020,18,True
32,16,0.400,51,0,0,22,22,22,0.614,7.390,0.029,0.000,0.035,8.068,0.351,0.010,23,True
32,16,0.400,32,0,0,6,6,6,0.583,2.091,0.009,0.000,0.016,2.699,0.388,0.006,7,True
32,16,0.400,63,0,0,38,38,38,0.882,14.863,0.056,0.001,0.050,15.851,0.326,0.028,39,True
32,16,0.400,58,0,0,37,37,37,0.887,14.855,0.060,0.001,0.061,15.863,0.506,0.015,64,True
32,16,0.400,43,0,0,14,14,14,0.635,4.474,0.018,0.000,0.033,5.161,0.315,0.014,15,True
32,16,0.400,76,0,0,44,44,44,0.813,15.675,0.057,0.001,0.041,16.588,0.279,0.019,45,True
32,16,0.400,41,0,0,13,13,13,1.187,4.978,0.020,0.000,0.032,6.218,0.337,0.013,14,True
32,16,0.400,35,0,0,15,15,15,0.665,4.767,0.023,0.000,0.041,5.496,0.369,0.012,16,True
32,16,0.400,45,0,0,20,20,20,0.876,6.569,0.027,0.000,0.028,7.500,0.317,0.016,21,True
32,16,0.400,32,0,0,13,13,13,0.636,15.599,0.058,0.000,0.043,16.336,2.008,0.017,88,True
32,16,0.400,25,0,0,5,5,5,0.530,1.527,0.008,0.000,0.022,2.087,0.283,0.004,6,True
32,16,0.400,46,0,0,23,23,23,0.609,7.338,0.029,0.000,0.024,8.000,0.227,0.018,24,True
32,16,0.400,95,0,0,57,57,57,0.959,17.174,0.077,0.001,0.065,18.276,0.369,0.023,58,True
32,16,0.400,29,0,0,4,4,4,0.686,1.392,0.006,0.000,0.012,2.095,0.248,0.006,5,True
32,16,0.400,44,0,0,10,10,10,0.807,3.520,0.017,0.000,0.028,4.372,0.304,0.007,11,True
32,16,0.400,35,0,0,17,17,17,0.633,5.753,0.025,0.000,0.034,6.445,0.328,0.008,18,True
32,16,0.400,71,0,0,29,29,29,0.774,9.693,0.040,0.000,0.045,10.552,0.351,0.013,30,True
32,16,0.400,29,0,0,7,7,7,0.541,2.268,0.009,0.000,0.015,2.833,0.241,0.007,8,True
32,16,0.400,28,0,0,3,3,3,0.649,0.939,0.006,0.000,0.029,1.623,0.334,0.004,4,True
32,16,0.400,29,0,0,4,4,4,0.819,1.334,0.006,0.000,0.018,2.176,0.323,0.004,5,True
32,16,0.400,19,0,0,7,7,7,0.703,2.669,0.010,0.000,0.021,3.403,0.239,0.005,8,True
32,16,0.400,56,0,0,26,26,26,0.888,8.109,0.037,0.000,0.042,9.077,0.275,0.018,27,True
32,16,0.400,32,0,0,7,7,7,0.836,2.408,0.009,0.000,0.015,3.268,0.289,0.015,8,True
32,16,0.400,37,0,0,14,14,14,0.785,4.697,0.019,0.000,0.024,5.524,0.291,0.009,15,True
32,16,0.400,54,0,0,25,25,25,0.885,9.074,0.038,0.000,0.048,10.045,0.433,0.022,26,True
32,16,0.400,37,0,0,10,10,10,0.645,2.042,0.012,0.000,0.036,2.735,0.391,0.006,11,True
32,16,0.400,19,0,0,3,3,3,0.543,0.860,0.004,0.000,0.014,1.421,0.280,0.006,4,True
32,16,0.400,41,0,0,21,21,21,0.745,6.888,0.030,0.000,0.026,7.689,0.343,0.016,22,True
32,16,0.400,48,0,0,23,23,23,0.597,7.907,0.032,0.000,0.029,8.566,0.304,0.011,24,True
32,16,0.400,85,0,0,58,58,58,1.031,18.479,0.082,0.001,0.062,19.655,0.327,0.024,59,True
32,16,0.400,65,0,0,29,29,29,0.817,9.990,0.042,0.000,0.038,10.887,0.259,0.022,30,True
32,16,0.400,25,0,0,9,9,9,0.646,2.975,0.013,0.000,0.026,3.660,0.354,0.006,10,True
32,16,0.400,35,0,0,16,16,16,0.792,5.983,0.023,0.000,0.028,6.826,0.357,0.011,17,True
32,16,0.400,99,0,0,63,63,63,0.820,19.313,0.086,0.001,0.063,20.283,0.241,0.025,64,True
32,16,0.400,30,0,0,12,12,12,0.914,3.949,0.016,0.000,0.026,4.905,0.367,0.007,13,True
32,16,0.400,25,0,0,1,1,1,0.551,0.270,0.004,0.000,0.015,0.840,0.274,0.005,2,True
32,16,0.400,27,0,0,3,3,3,0.701,1.033,0.006,0.000,0.020,1.761,0.386,0.004,4,True
32,16,0.400,40,0,0,10,10,10,0.699,3.774,0.017,0.000,0.035,4.525,0.234,0.006,11,True
32,16,0.400,22,0,0,5,5,5,0.709,1.610,0.007,0.000,0.016,2.342,0.588,0.009,6,True
32,16,0.400,35,0,0,10,10,10,0.495,3.149,0.013,0.000,0.023,3.680,0.291,0.006,11,True
32,16,0.400,16,0,0,4,4,4,0.539,1.294,0.005,0.000,0.012,1.850,0.231,0.004,5,True
32,16,0.400,61,0,0,42,42,42,0.773,13.280,0.054,0.001,0.057,14.164,0.223,0.018,43,True
32,16,0.400,64,0,0,33,33,33,0.804,11.780,0.047,0.000,0.039,12.671,0.302,0.026,34,True
32,16,0.400,57,0,0,21,21,21,0.953,6.474,0.025,0.000,0.025,7.476,0.293,0.015,22,True
32,16,0.400,55,0,0,18,18,18,0.532,5.607,0.022,0.000,0.021,6.183,0.367,0.008,19,True
32,16,0.400,52,0,0,25,25,25,0.520,8.087,0.031,0.000,0.034,8.673,0.342,0.011,26,True
32,16,0.400,56,0,0,29,29,29,0.596,8.653,0.043,0.000,0.045,9.337,0.241,0.018,30,True
32,16,0.400,50,0,0,21,21,21,0.923,7.062,0.033,0.000,0.039,8.057,0.286,0.016,22,True
32,16,0.400,58,0,0,23,23,23,0.928,7.732,0.030,0.000,0.039,8.729,0.362,0.017,24,True
32,16,0.400,58,0,0,29,29,29,0.759,9.077,0.040,0.000,0.042,9.918,0.392,0.023,30,True
32,16,0.400,36,0,0,6,6,6,0.654,2.226,0.010,0.000,0.025,2.915,0.256,0.005,7,True
32,16,0.400,48,0,0,14,14,14,0.797,4.473,0.017,0.000,0.021,5.308,0.435,0.012,15,True
32,16,0.400,33,0,0,7,7,7,0.647,2.284,0.011,0.000,0.018,2.960,0.314,0.008,8,True
32,16,0.400,29,0,0,7,7,7,0.786,2.962,0.012,0.000,0.029,3.789,0.280,0.005,8,True
32,16,0.400,54,0,0,20,20,20,0.652,6.808,0.025,0.000,0.028,7.512,0.289,0.010,21,True
32,16,0.400,34,0,0,10,10,10,0.493,3.228,0.013,0.000,0.018,3.752,0.378,0.008,11,True
32,16,0.400,26,0,0,11,11,11,0.749,4.233,0.015,0.000,0.028,5.026,0.302,0.006,12,True
32,16,0.400,32,0,0,13,13,13,0.807,4.272,0.017,0.000,0.020,5.116,0.259,0.013,14,True
32,16,0.400,36,0,0,8,8,8,1.048,3.004,0.013,0.000,0.021,4.086,0.382,0.008,9,True
32,16,0.400,56,0,0,27,27,27,0.611,7.971,0.031,0.000,0.028,8.642,0.351,0.012,28,True
32,16,0.400,59,0,0,25,25,25,0.908,8.070,0.031,0.000,0.036,9.045,0.329,0.020,26,True
32,16,0.400,50,0,0,19,19,19,0.760,6.277,0.024,0.000,0.024,7.086,0.210,0.009,20,True
32,16,0.400,69,0,0,35,35,35,0.681,10.184,0.045,0.000,0.033,10.943,0.287,0.015,36,True
32,16,0.400,47,0,0,17,17,17,0.588,5.016,0.020,0.000,0.019,5.644,0.257,0.008,18,True
32,16,0.400,46,0,0,17,17,17,0.574,5.459,0.021,0.000,0.020,6.074,0.229,0.009,18,True
32,16,0.400,43,0,0,19,19,19,0.728,6.235,0.026,0.000,0.025,7.014,0.417,0.015,20,True
32,16,0.400,71,0,0,34,34,34,1.026,10.670,0.046,0.000,0.040,11.783,0.420,0.017,35,True
32,16,0.400,36,0,0,13,13,13,0.668,4.882,0.020,0.000,0.039,5.610,0.358,0.012,14,True
32,16,0.400,29,0,0,11,11,11,0.502,4.112,0.016,0.000,0.022,4.652,0.256,0.010,12,True
32,16,0.400,37,0,0,14,14,14,0.591,5.474,0.023,0.000,0.031,6.119,0.269,0.007,15,True
32,16,0.400,75,0,0,33,33,33,0.667,9.945,0.044,0.000,0.036,10.693,0.341,0.014,34,True
32,16,0.400,34,0,0,10,10,10,0.815,3.337,0.018,0.000,0.027,4.197,0.284,0.010,11,True
32,16,0.400,54,0,0,26,26,26,0.912,8.691,0.036,0.000,0.029,9.668,0.368,0.017,27,True
32,16,0.400,38,0,0,13,13,13,0.635,4.284,0.017,0.000,0.020,4.955,0.483,0.016,15,True
32,16,0.400,43,0,0,22,22,22,0.703,6.646,0.028,0.000,0.025,7.402,0.472,0.019,23,True
32,16,0.400,21,0,0,6,6,6,0.735,1.906,0.008,0.000,0.017,2.666,0.379,0.007,7,True
32,16,0.400,49,0,0,19,19,19,0.904,6.898,0.028,0.000,0.029,7.858,0.397,0.015,20,True
32,16,0.400,43,0,0,24,24,24,0.876,9.027,0.032,0.000,0.033,9.969,0.347,0.023,25,True
32,16,0.400,46,0,0,20,20,20,0.701,8.022,0.029,0.000,0.036,8.788,0.366,0.009,21,True
32,16,0.400,34,0,0,9,9,9,0.870,2.989,0.011,0.000,0.020,3.890,0.371,0.010,10,True
32,16,0.400,44,0,0,18,18,18,0.610,5.977,0.024,0.000,0.026,6.637,0.228,0.008,19,True
32,16,0.400,29,0,0,6,6,6,0.973,2.969,0.011,0.000,0.024,3.977,0.431,0.008,7,True
32,16,0.400,34,0,0,12,12,12,0.691,3.764,0.013,0.000,0.022,4.490,0.271,0.006,13,True
32,16,0.400,31,0,0,3,3,3,0.447,0.784,0.004,0.000,0.011,1.247,0.213,0.003,4,True
32,16,0.400,43,0,0,13,13,13,0.615,4.417,0.018,0.000,0.023,5.073,0.258,0.007,14,True
32,16,0.400,50,0,0,27,27,27,0.912,6.978,0.031,0.000,0.031,7.952,0.385,0.013,28,True
32,16,0.400,43,0,0,15,15,15,0.905,5.425,0.019,0.000,0.024,6.373,0.486,0.014,16,True
32,16,0.400,49,0,0,11,11,11,0.590,3.801,0.016,0.000,0.023,4.430,0.314,0.006,12,True
32,16,0.400,76,0,0,32,32,32,0.915,10.064,0.048,0.000,0.055,11.083,0.294,0.027,33,True
32,16,0.400,19,0,0,2,2,2,0.448,0.476,0.003,0.000,0.020,0.947,0.245,0.003,3,True
32,16,0.400,48,0,0,22,22,22,0.837,7.224,0.026,0.000,0.026,8.113,0.330,0.020,23,True
32,16,0.400,44,0,0,9,9,9,0.465,2.359,0.012,0.000,0.020,2.856,0.213,0.006,10,True
32,16,0.400,49,0,0,19,19,19,0.848,6.273,0.025,0.000,0.030,7.175,0.295,0.013,20,True
32,16,0.400,47,0,0,16,16,16,0.795,5.585,0.021,0.000,0.026,6.427,0.389,0.014,17,True
32,16,0.400,69,0,0,31,31,31,0.994,10.551,0.040,0.000,0.051,11.636,0.364,0.023,32,True
32,16,0.400,62,0,0,28,28,28,1.011,7.716,0.037,0.000,0.043,8.807,0.311,0.012,29,True
32,16,0.400,41,0,0,14,14,14,0.894,3.832,0.018,0.000,0.039,4.783,0.279,0.012,15,True
32,16,0.400,35,0,0,18,18,18,0.591,4.925,0.020,0.000,0.031,5.567,0.389,0.010,19,True
32,16,0.400,57,0,0,31,31,31,0.845,27.707,0.111,0.001,0.072,28.737,1.609,0.015,137,True
32,16,0.400,43,0,0,19,19,19,0.900,5.334,0.021,0.000,0.027,6.282,0.259,0.016,20,True
32,16,0.400,30,0,0,16,16,16,0.684,4.050,0.018,0.000,0.029,4.781,0.317,0.015,17,True
32,16,0.400,77,0,0,46,46,46,0.770,11.332,0.052,0.001,0.042,12.196,0.850,0.037,54,True
32,16,0.400,58,0,0,26,26,26,0.738,7.752,0.029,0.000,0.032,8.551,0.346,0.021,27,True
32,16,0.400,56,0,0,19,19,19,0.880,4.900,0.020,0.000,0.028,5.828,0.372,0.017,20,True
32,16,0.400,64,0,0,38,38,38,0.878,9.898,0.043,0.000,0.039,10.858,0.631,0.041,39,True
32,16,0.400,64,0,0,39,39,39,0.639,10.562,0.041,0.000,0.035,11.277,0.257,0.033,40,True
32,16,0.400,48,0,0,30,30,30,0.756,8.166,0.034,0.000,0.034,8.990,0.307,0.024,31,True
32,16,0.400,66,0,0,33,33,33,0.779,7.984,0.038,0.000,0.031,8.832,0.452,0.023,34,True
32,16,0.400,96,0,0,52,52,52,1.050,13.801,0.062,0.001,0.046,14.960,0.316,0.038,53,True
32,16,0.400,69,0,0,37,37,37,0.885,8.659,0.038,0.000,0.037,9.619,0.888,0.026,42,True
32,16,0.400,62,0,0,32,32,32,0.550,6.528,0.031,0.000,0.028,7.138,0.433,0.014,33,True
32,16,0.400,49,0,0,19,19,19,0.499,4.877,0.019,0.000,0.022,5.417,1.073,0.010,27,True
32,16,0.400,69,0,0,38,38,38,0.619,8.723,0.037,0.000,0.033,9.412,0.227,0.023,39,True
32,16,0.400,53,0,0,27,27,27,0.944,22.552,0.099,0.001,0.077,23.673,1.043,0.016,100,True
32,16,0.400,53,0,0,24,24,24,0.521,10.994,0.044,0.000,0.036,11.595,1.765,0.011,82,True
32,16,0.400,82,0,0,54,54,54,0.939,12.324,0.059,0.001,0.052,13.374,0.373,0.047,55,True
32,16,0.400,79,0,0,40,40,40,1.505,42.596,0.153,0.001,0.116,44.372,2.370,0.033,262,True
32,16,0.400,64,0,0,35,35,35,1.046,54.610,0.220,0.002,0.157,56.035,0.841,0.016,277,True
32,16,0.400,63,0,0,36,36,36,1.601,67.050,0.273,0.002,0.179,69.104,2.266,0.019,552,True
32,16,0.400,67,0,0,35,35,35,1.586,107.181,0.476,0.005,0.289,109.537,1.168,0.025,903,True
32,16,0.400,88,0,0,42,42,42,1.679,123.260,0.451,0.004,0.299,125.694,2.052,0.036,1056,True
32,16,0.400,77,0,0,40,40,40,2.257,161.781,0.663,0.006,0.429,165.135,2.533,0.037,1503,True
32,16,0.400,61,0,0,34,34,34,1.932,154.077,0.640,0.006,0.410,157.065,2.474,0.017,1372,True
32,16,0.400,84,0,0,46,46,46,9.759,1276.077,5.607,0.052,3.605,1295.101,1.889,0.027,13875,True
32,32,0.200,22,0,0,10,10,10,2.960,19.654,0.023,0.000,0.027,22.663,1.735,0.014,11,True
32,32,0.200,31,0,0,15,15,15,3.015,29.165,0.031,0.000,0.032,32.242,1.692,0.020,16,True
32,32,0.200,26,0,0,13,13,13,3.227,30.607,0.029,0.000,0.023,33.886,1.626,0.024,14,True
32,32,0.200,30,0,0,19,19,19,2.940,37.125,0.036,0.000,0.026,40.128,1.045,0.027,20,True
32,32,0.200,39,0,0,19,19,19,2.375,37.091,0.044,0.000,0.037,39.547,1.545,0.019,20,True
32,32,0.200,32,0,0,21,21,21,2.127,38.588,0.046,0.000,0.035,40.796,1.537,0.025,22,True
32,32,0.200,39,0,0,19,19,19,2.125,41.669,0.041,0.000,0.028,43.863,3.059,0.025,20,True
32,32,0.200,42,0,0,21,21,21,2.156,43.040,0.043,0.000,0.029,45.267,1.473,0.022,22,True
32,32,0.200,44,0,0,22,22,22,3.333,43.086,0.046,0.000,0.030,46.495,1.988,0.131,23,True
32,32,0.200,39,0,0,22,22,22,2.215,45.814,0.047,0.000,0.034,48.110,2.044,0.041,23,True
32,32,0.200,37,0,0,25,25,25,3.324,49.608,0.047,0.000,0.039,53.019,1.060,0.037,26,True
32,32,0.200,38,0,0,26,26,26,3.029,49.138,0.053,0.000,0.035,52.255,1.884,0.044,27,True
32,32,0.200,44,0,0,24,24,24,2.047,50.393,0.051,0.000,0.032,52.523,2.341,0.040,25,True
32,32,0.200,37,0,0,24,24,24,3.354,53.147,0.053,0.000,0.047,56.602,2.831,0.037,25,True
32,32,0.200,47,0,0,31,31,31,2.283,57.807,0.060,0.000,0.035,60.184,1.251,0.046,32,True
32,32,0.200,40,0,0,29,29,29,2.185,57.160,0.060,0.000,0.038,59.444,2.946,0.031,38,True
32,32,0.200,33,0,0,10,10,10,2.396,19.623,0.021,0.000,0.021,22.060,2.808,0.022,11,True
32,32,0.200,47,0,0,31,31,31,2.759,59.964,0.067,0.000,0.041,62.830,2.286,0.032,32,True
32,32,0.200,44,0,0,32,32,32,3.240,61.060,0.064,0.000,0.039,64.403,1.769,0.044,33,True
32,32,0.200,55,0,0,35,35,35,2.263,64.156,0.069,0.000,0.042,66.530,1.157,0.036,36,True
32,32,0.200,26,0,0,9,9,9,2.417,21.000,0.023,0.000,0.026,23.466,2.362,0.033,10,True
32,32,0.200,66,0,0,34,34,34,2.192,63.045,0.071,0.001,0.046,65.355,2.514,0.027,35,True
32,32,0.200,48,0,0,28,28,28,2.408,63.462,0.063,0.000,0.038,65.972,1.715,0.050,29,True
32,32,0.200,43,0,0,29,29,29,3.118,64.054,0.062,0.000,0.038,67.272,2.288,0.048,30,True
32,32,0.200,45,0,0,31,31,31,2.294,66.679,0.065,0.000,0.044,69.082,2.219,0.026,32,True
32,32,0.200,50,0,0,37,37,37,2.275,67.559,0.074,0.001,0.046,69.955,2.797,0.034,38,True
32,32,0.200,50,0,0,28,28,28,2.332,70.327,0.065,0.000,0.038,72.762,3.713,0.026,43,True
32,32,0.200,52,0,0,31,31,31,2.550,70.908,0.072,0.000,0.047,73.577,5.135,0.037,36,True
32,32,0.200,57,0,0,39,39,39,3.061,74.250,0.085,0.001,0.045,77.442,4.107,0.059,44,True
32,32,0.200,66,0,0,37,37,37,2.329,78.316,0.079,0.001,0.046,80.770,1.832,0.031,38,True
32,32,0.200,51,0,0,44,44,44,2.660,77.470,0.088,0.001,0.051,80.270,3.208,0.073,45,True
32,32,0.200,68,0,0,42,42,42,2.889,80.503,0.086,0.001,0.044,83.521,1.200,0.058,43,True
32,32,0.200,55,0,0,43,43,43,2.892,79.948,0.090,0.001,0.052,82.982,2.236,0.041,44,True
32,32,0.200,52,0,0,42,42,42,3.191,76.279,0.079,0.001,0.046,79.596,7.301,0.058,44,True
32,32,0.200,44,0,0,26,26,26,3.628,75.937,0.081,0.000,0.048,79.694,9.709,0.042,60,True
32,32,0.200,38,0,0,18,18,18,2.450,37.990,0.037,0.000,0.027,40.504,3.462,0.034,19,True
32,32,0.200,41,0,0,25,25,25,2.608,78.908,0.080,0.000,0.050,81.646,10.370,0.028,64,True
32,32,0.200,61,0,0,49,49,49,2.894,88.579,0.106,0.001,0.056,91.636,2.494,0.072,50,True
32,32,0.200,60,0,0,41,41,41,3.193,87.787,0.083,0.001,0.047,91.111,3.253,0.058,52,True
32,32,0.200,41,0,0,24,24,24,2.795,45.492,0.047,0.000,0.038,48.372,2.002,0.148,25,True
32,32,0.200,61,0,0,52,52,52,3.155,93.681,0.103,0.001,0.058,96.998,1.696,0.040,53,True
32,32,0.200,68,0,0,51,51,51,2.508,94.842,0.113,0.001,0.058,97.522,3.033,0.036,53,True
32,32,0.200,68,0,0,46,46,46,2.985,94.490,0.103,0.001,0.052,97.631,4.554,0.068,57,True
32,32,0.200,67,0,0,55,55,55,3.125,98.809,0.106,0.001,0.057,102.098,1.231,0.049,56,True
32,32,0.200,65,0,0,54,54,54,2.635,102.654,0.116,0.001,0.060,105.466,1.827,0.048,55,True
32,32,0.200,40,0,0,26,26,26,3.118,50.864,0.054,0.000,0.036,54.071,2.439,0.025,27,True
32,32,0.200,65,0,0,52,52,52,3.279,103.307,0.106,0.001,0.059,106.753,1.234,0.088,53,True
32,32,0.200,66,0,0,60,60,60,2.894,106.695,0.130,0.001,0.070,109.790,1.119,0.058,61,True
32,32,0.200,36,0,0,21,21,21,2.487,39.027,0.042,0.000,0.031,41.588,2.046,0.028,22,True
32,32,0.200,45,0,0,27,27,27,2.886,51.118,0.056,0.000,0.037,54.098,1.655,0.040,28,True
32,32,0.200,43,0,0,30,30,30,2.979,101.756,0.105,0.001,0.058,104.899,8.124,0.051,84,True
32,32,0.200,27,0,0,10,10,10,1.905,29.984,0.031,0.000,0.027,31.947,12.036,0.029,25,True
32,32,0.200,29,0,0,16,16,16,2.149,32.538,0.037,0.000,0.029,34.753,1.500,0.041,17,True
32,32,0.200,25,0,0,17,17,17,3.199,38.263,0.036,0.000,0.030,41.528,2.125,0.028,18,True
32,32,0.200,37,0,0,21,21,21,2.788,36.626,0.043,0.000,0.029,39.486,1.587,0.036,22,True
32,32,0.200,42,0,0,26,26,26,2.981,50.015,0.053,0.000,0.034,53.083,2.293,0.053,27,True
32,32,0.200,45,0,0,27,27,27,2.765,56.455,0.058,0.000,0.036,59.314,3.662,0.037,28,True
32,32,0.200,34,0,0,14,14,14,2.628,32.683,0.031,0.000,0.033,35.375,2.279,0.029,15,True
32,32,0.200,37,0,0,20,20,20,3.185,39.692,0.040,0.000,0.030,42.948,1.642,0.049,21,True
32,32,0.200,55,0,0,40,40,40,2.756,77.910,0.086,0.001,0.046,80.799,2.513,0.059,42,True
32,32,0.200,33,0,0,25,25,25,2.250,55.118,0.050,0.000,0.036,57.455,2.466,0.030,26,True
32,32,0.200,22,0,0,6,6,6,2.106,12.894,0.014,0.000,0.018,15.033,2.047,0.016,7,True
32,32,0.200,22,0,0,10,10,10,3.125,19.731,0.023,0.000,0.028,22.906,1.681,0.022,11,True
32,32,0.200,24,0,0,7,7,7,2.312,12.408,0.015,0.000,0.023,14.758,2.040,0.023,8,True
32,32,0.200,32,0,0,19,19,19,3.096,37.480,0.038,0.000,0.029,40.643,2.727,0.031,20,True
32,32,0.200,50,0,0,36,36,36,3.040,77.968,0.076,0.001,0.061,81.146,1.765,0.036,37,True
32,32,0.200,57,0,0,48,48,48,2.449,86.471,0.099,0.001,0.054,89.074,2.064,0.037,49,True
32,32,0.200,39,0,0,27,27,27,2.959,52.450,0.056,0.000,0.040,55.505,1.854,0.035,28,True
32,32,0.200,27,0,0,21,21,21,2.319,41.007,0.038,0.000,0.035,43.399,2.284,0.034,22,True
32,32,0.200,34,0,0,21,21,21,2.587,46.696,0.046,0.000,0.036,49.365,1.925,0.039,22,True
32,32,0.200,51,0,0,31,31,31,2.541,59.636,0.068,0.000,0.035,62.280,3.380,0.033,33,True
32,32,0.200,61,0,0,47,47,47,3.115,86.635,0.093,0.001,0.054,89.898,2.305,0.094,48,True
32,32,0.200,27,0,0,16,16,16,2.712,32.446,0.033,0.000,0.025,35.216,1.675,0.024,17,True
32,32,0.200,46,0,0,37,37,37,2.930,81.002,0.075,0.001,0.043,84.051,1.940,0.048,38,True
32,32,0.200,32,0,0,15,15,15,2.506,30.592,0.034,0.000,0.028,33.160,1.912,0.022,16,True
32,32,0.200,31,0,0,21,21,21,2.178,39.783,0.040,0.000,0.031,42.031,1.827,0.022,22,True
32,32,0.200,41,0,0,30,30,30,2.767,56.358,0.060,0.000,0.042,59.228,1.739,0.064,31,True
32,32,0.200,40,0,0,26,26,26,2.392,50.772,0.057,0.000,0.038,53.259,2.138,0.033,27,True
32,32,0.200,60,0,0,37,37,37,2.511,69.099,0.080,0.001,0.044,71.734,2.974,0.065,38,True
32,32,0.200,27,0,0,11,11,11,2.787,22.391,0.024,0.000,0.023,25.225,3.063,0.018,12,True
32,32,0.200,48,0,0,30,30,30,2.559,58.457,0.060,0.000,0.037,61.114,1.731,0.066,31,True
32,32,0.200,38,0,0,26,26,26,2.457,113.061,0.108,0.000,0.063,115.690,9.168,0.030,99,True
32,32,0.200,48,0,0,38,38,38,2.935,157.976,0.169,0.001,0.086,161.167,10.918,0.060,139,True
32,32,0.200,62,0,0,43,43,43,2.403,79.890,0.085,0.001,0.053,82.432,1.899,0.035,44,True
32,32,0.200,51,0,0,41,41,41,2.719,105.460,0.119,0.001,0.060,108.359,4.226,0.098,98,True
32,32,0.200,61,0,0,48,48,48,3.074,104.704,0.105,0.001,0.053,107.937,1.672,0.057,49,True
32,32,0.200,33,0,0,25,25,25,2.717,98.459,0.104,0.000,0.054,101.334,10.906,0.075,90,True
32,32,0.200,30,0,0,17,17,17,2.933,38.569,0.039,0.000,0.031,41.572,2.437,0.041,18,True
32,32,0.200,80,0,0,58,58,58,3.492,106.735,0.119,0.001,0.059,110.407,6.496,0.071,61,True
32,32,0.200,51,0,0,40,40,40,2.415,73.301,0.088,0.001,0.053,75.858,1.670,0.038,41,True
32,32,0.200,47,0,0,40,40,40,3.193,84.111,0.079,0.001,0.051,87.434,4.202,0.068,45,True
32,32,0.200,45,0,0,31,31,31,2.755,69.362,0.063,0.000,0.041,72.221,2.061,0.044,32,True
32,32,0.200,45,0,0,29,29,29,2.387,52.693,0.053,0.000,0.034,55.168,2.787,0.031,30,True
32,32,0.200,52,0,0,30,30,30,2.547,63.853,0.063,0.000,0.044,66.508,2.271,0.060,31,True
32,32,0.200,37,0,0,25,25,25,2.640,48.549,0.049,0.000,0.035,51.274,2.033,0.051,26,True
32,32,0.200,24,0,0,10,10,10,2.116,18.455,0.021,0.000,0.028,20.620,1.687,0.023,11,True
32,32,0.200,36,0,0,23,23,23,2.196,47.357,0.049,0.000,0.033,49.636,1.810,0.028,24,True
32,32,0.200,36,0,0,22,22,22,2.228,76.073,0.074,0.000,0.044,78.419,11.818,0.031,61,True
32,32,0.200,40,0,0,23,23,23,2.958,43.633,0.044,0.000,0.035,46.670,1.871,0.037,24,True
32,32,0.200,36,0,0,25,25,25,3.141,55.663,0.050,0.000,0.037,58.892,3.886,0.056,26,True
32,32,0.200,59,0,0,52,52,52,3.249,97.917,0.112,0.001,0.058,101.337,1.624,0.070,53,True
32,32,0.200,43,0,0,29,29,29,2.809,56.755,0.061,0.000,0.035,59.660,1.935,0.030,30,True
32,32,0.200,67,0,0,50,50,50,2.859,89.354,0.105,0.001,0.055,92.374,1.721,0.066,51,True
32,32,0.200,71,0,0,55,55,55,2.940,97.468,0.111,0.001,0.056,100.576,2.295,0.051,57,True
32,32,0.200,31,0,0,14,14,14,2.699,27.840,0.032,0.000,0.027,30.597,1.748,0.016,15,True
32,32,0.200,36,0,0,22,22,22,2.571,42.199,0.045,0.000,0.039,44.855,1.959,0.031,23,True
32,32,0.200,30,0,0,21,21,21,2.132,44.042,0.042,0.000,0.032,46.247,1.534,0.037,22,True
32,32,0.200,39,0,0,20,20,20,3.108,72.695,0.080,0.000,0.051,75.934,2.895,0.022,47,True
32,32,0.200,44,0,0,24,24,24,2.172,50.385,0.050,0.000,0.032,52.639,11.705,0.033,26,True
32,32,0.200,51,0,0,31,31,31,2.476,66.695,0.067,0.000,0.043,69.282,2.071,0.027,32,True
32,32,0.200,59,0,0,36,36,36,2.416,65.381,0.078,0.001,0.043,67.918,1.712,0.044,37,True
32,32,0.200,63,0,0,49,49,49,3.123,89.050,0.099,0.001,0.055,92.327,1.578,0.043,50,True
32,32,0.200,27,0,0,10,10,10,2.374,19.733,0.022,0.000,0.025,22.154,1.729,0.039,11,True
32,32,0.200,61,0,0,39,39,39,2.275,74.823,0.077,0.001,0.045,77.221,1.787,0.046,40,True
32,32,0.200,38,0,0,29,29,29,2.944,57.990,0.066,0.000,0.041,61.042,2.148,0.044,30,True
32,32,0.200,24,0,0,12,12,12,3.131,25.088,0.025,0.000,0.030,28.274,2.120,0.025,13,True
32,32,0.200,46,0,0,26,26,26,2.171,57.352,0.055,0.000,0.039,59.618,3.580,0.025,33,True
32,32,0.200,40,0,0,29,29,29,2.735,74.287,0.075,0.000,0.060,77.157,9.651,0.065,48,True
32,32,0.200,41,0,0,23,23,23,2.189,87.541,0.099,0.000,0.053,89.882,3.725,0.031,51,True
32,32,0.200,42,0,0,25,25,25,2.926,48.013,0.053,0.000,0.037,51.030,1.625,0.036,26,True
32,32,0.200,44,0,0,22,22,22,2.940,48.651,0.046,0.000,0.039,51.676,8.834,0.053,28,True
32,32,0.200,29,0,0,15,15,15,2.960,29.076,0.029,0.000,0.028,32.093,1.815,0.022,16,True
32,32,0.200,47,0,0,33,33,33,2.343,125.294,0.137,0.001,0.066,127.841,3.338,0.038,76,True
32,32,0.200,48,0,0,32,32,32,2.364,60.494,0.066,0.000,0.038,62.963,1.888,0.045,33,True
32,32,0.200,52,0,0,36,36,36,3.001,128.206,0.151,0.001,0.080,131.438,4.074,0.039,123,True
32,32,0.200,44,0,0,29,29,29,2.539,69.377,0.074,0.001,0.046,72.037,3.549,0.029,31,True
32,32,0.200,50,0,0,38,38,38,2.326,70.920,0.080,0.001,0.045,73.372,1.940,0.037,39,True
32,32,0.200,41,0,0,28,28,28,2.905,63.583,0.057,0.000,0.039,66.584,2.250,0.030,29,True
32,32,0.200,60,0,0,48,48,48,2.714,106.363,0.105,0.001,0.062,109.245,1.953,0.040,49,True
32,32,0.200,46,0,0,35,35,35,2.767,83.739,0.086,0.001,0.050,86.642,4.988,0.043,61,True
32,32,0.200,47,0,0,43,43,43,3.258,81.523,0.088,0.001,0.053,84.922,1.567,0.071,44,True
32,32,0.200,56,0,0,36,36,36,3.285,70.933,0.079,0.001,0.047,74.344,1.874,0.082,37,True
32,32,0.200,67,0,0,57,57,57,3.519,298.231,0.321,0.002,0.158,302.231,3.738,0.080,289,True
32,32,0.200,67,0,0,49,49,49,3.110,196.821,0.219,0.002,0.101,200.254,4.598,0.071,117,True
32,32,0.200,43,0,0,30,30,30,2.845,65.405,0.067,0.000,0.040,68.357,2.350,0.027,31,True
32,32,0.200,45,0,0,30,30,30,2.480,52.993,0.059,0.000,0.035,55.568,1.716,0.052,31,True
32,32,0.200,39,0,0,26,26,26,2.213,77.091,0.083,0.000,0.050,79.437,10.636,0.037,65,True
32,32,0.200,39,0,0,25,25,25,2.752,49.490,0.051,0.000,0.034,52.327,1.679,0.027,26,True
32,32,0.200,41,0,0,20,20,20,2.717,46.255,0.043,0.000,0.027,49.042,3.748,0.046,21,True
32,32,0.200,50,0,0,28,28,28,2.743,114.993,0.122,0.001,0.062,117.921,8.719,0.040,65,True
32,32,0.200,43,0,0,20,20,20,2.651,40.642,0.041,0.000,0.029,43.362,1.636,0.023,21,True
32,32,0.200,38,0,0,26,26,26,2.510,49.545,0.053,0.000,0.041,52.149,1.710,0.026,27,True
32,32,0.200,33,0,0,17,17,17,2.397,32.920,0.039,0.000,0.034,35.391,1.841,0.027,18,True
32,32,0.200,60,0,0,40,40,40,3.058,70.869,0.087,0.001,0.048,74.062,2.414,0.052,41,True
32,32,0.200,44,0,0,21,21,21,2.477,39.199,0.042,0.000,0.032,41.751,1.608,0.030,22,True
32,32,0.200,37,0,0,27,27,27,3.232,57.846,0.054,0.000,0.036,61.168,1.897,0.046,28,True
32,32,0.200,39,0,0,22,22,22,2.163,41.742,0.041,0.000,0.031,43.978,1.841,0.024,23,True
32,32,0.200,74,0,0,55,55,55,3.405,99.932,0.107,0.001,0.058,103.503,2.650,0.076,56,True
32,32,0.200,46,0,0,35,35,35,3.138,65.121,0.069,0.000,0.047,68.376,1.935,0.049,36,True
32,32,0.200,44,0,0,28,28,28,3.189,53.126,0.054,0.000,0.038,56.406,2.382,0.028,29,True
32,32,0.200,37,0,0,14,14,14,2.395,27.778,0.031,0.000,0.027,30.232,1.851,0.019,15,True
32,32,0.200,56,0,0,40,40,40,2.483,72.562,0.081,0.001,0.045,75.172,1.740,0.035,41,True
32,32,0.200,34,0,0,19,19,19,3.232,35.823,0.035,0.000,0.032,39.123,2.559,0.034,20,True
32,32,0.200,27,0,0,12,12,12,2.695,26.890,0.026,0.000,0.029,29.640,2.242,0.025,13,True
32,32,0.200,39,0,0,23,23,23,2.235,49.364,0.044,0.000,0.034,51.678,4.045,0.032,29,True
32,32,0.200,59,0,0,45,45,45,2.738,167.311,0.185,0.002,0.086,170.322,3.328,0.046,98,True
32,32,0.200,39,0,0,23,23,23,2.587,40.556,0.044,0.000,0.034,43.221,1.695,0.048,24,True
32,32,0.200,52,0,0,37,37,37,3.119,70.768,0.072,0.001,0.051,74.010,2.441,0.061,38,True
32,32,0.200,36,0,0,21,21,21,2.842,42.225,0.041,0.000,0.030,45.138,2.904,0.036,22,True
32,32,0.200,35,0,0,24,24,24,2.378,36.970,0.041,0.000,0.028,39.418,2.295,0.023,25,True
32,32,0.200,33,0,0,17,17,17,3.266,32.708,0.034,0.000,0.029,36.037,1.722,0.033,18,True
32,32,0.200,37,0,0,24,24,24,2.925,41.336,0.043,0.000,0.031,44.335,1.839,0.040,25,True
32,32,0.200,44,0,0,26,26,26,2.135,38.394,0.041,0.000,0.032,40.602,1.786,0.051,27,True
32,32,0.200,41,0,0,27,27,27,3.019,38.911,0.042,0.000,0.031,42.003,2.221,0.047,28,True
32,32,0.200,38,0,0,26,26,26,2.337,39.584,0.046,0.000,0.039,42.006,1.847,0.033,27,True
32,32,0.200,50,0,0,28,28,28,2.525,46.172,0.050,0.000,0.048,48.795,2.149,0.059,29,True
32,32,0.200,40,0,0,23,23,23,3.551,278.016,0.276,0.002,0.123,281.968,3.254,0.060,208,True
32,32,0.200,73,0,0,55,55,55,2.303,70.657,0.090,0.001,0.050,73.102,1.541,0.065,56,True
32,32,0.200,45,0,0,30,30,30,3.543,308.809,0.306,0.002,0.148,312.808,10.195,0.261,290,True
32,32,0.200,74,0,0,52,52,52,3.233,157.877,0.186,0.001,0.095,161.392,10.434,0.040,198,True
32,32,0.200,63,0,0,47,47,47,3.058,365.390,0.437,0.005,0.200,369.090,3.999,0.042,387,True
32,32,0.200,60,0,0,46,46,46,2.946,451.632,0.466,0.003,0.226,455.273,10.972,0.081,517,True
32,32,0.200,45,0,0,34,34,34,3.377,463.122,0.476,0.006,0.239,467.220,11.565,0.039,468,True
32,32,0.200,56,0,0,45,45,45,3.015,389.457,0.435,0.003,0.205,393.114,4.470,0.060,416,True
32,32,0.200,43,0,0,23,23,23,3.055,556.644,0.551,0.003,0.269,560.522,15.054,0.033,616,True
32,32,0.200,44,0,0,29,29,29,3.497,559.168,0.627,0.004,0.280,563.575,11.599,0.034,729,True
32,32,0.200,73,0,0,51,51,51,5.107,1159.413,1.344,0.009,0.609,1166.482,4.001,0.038,1719,True
32,32,0.200,77,0,0,58,58,58,5.720,1241.219,1.501,0.011,0.675,1249.125,10.271,0.050,1989,True
32,32,0.200,52,0,0,30,30,30,4.447,1329.802,1.582,0.009,0.704,1336.544,15.047,0.047,2217,True
32,32,0.200,55,0,0,44,44,44,5.769,1231.051,1.671,0.019,0.755,1239.264,9.355,0.062,1754,True
32,32,0.200,50,0,0,32,32,32,5.972,1656.830,1.987,0.012,0.868,1665.669,13.389,0.041,2943,True
64,32,0.100,18,0,0,4,4,4,6.221,17.899,0.017,0.000,0.017,24.155,3.907,0.015,5,True
64,32,0.100,15,0,0,7,7,7,4.960,29.039,0.023,0.000,0.018,34.040,4.221,0.018,8,True
64,32,0.100,24,0,0,7,7,7,4.561,30.532,0.019,0.000,0.020,35.133,3.636,0.022,8,True
64,32,0.100,25,0,0,8,8,8,4.440,33.807,0.028,0.000,0.016,38.292,3.534,0.020,9,True
64,32,0.100,16,0,0,6,6,6,5.309,30.526,0.020,0.000,0.018,35.873,6.037,0.057,7,True
64,32,0.100,25,0,0,9,9,9,4.881,40.983,0.035,0.000,0.024,45.923,3.928,0.029,10,True
64,32,0.100,15,0,0,9,9,9,5.281,42.356,0.030,0.000,0.026,47.693,3.707,0.034,10,True
64,32,0.100,23,0,0,10,10,10,5.887,45.747,0.038,0.000,0.020,51.692,3.761,0.044,11,True
64,32,0.100,25,0,0,10,10,10,4.571,47.796,0.037,0.000,0.021,52.425,3.651,0.033,11,True
64,32,0.100,27,0,0,12,12,12,4.275,52.936,0.041,0.000,0.022,57.274,4.064,0.028,13,True
64,32,0.100,18,0,0,11,11,11,5.423,54.791,0.038,0.000,0.023,60.274,3.757,0.041,12,True
64,32,0.100,23,0,0,13,13,13,4.728,57.751,0.045,0.000,0.025,62.549,4.402,0.023,14,True
64,32,0.100,28,0,0,14,14,14,5.466,64.838,0.046,0.000,0.023,70.373,3.857,0.023,15,True
64,32,0.100,19,0,0,13,13,13,4.928,69.424,0.045,0.000,0.026,74.424,4.123,0.023,14,True
64,32,0.100,21,0,0,14,14,14,3.953,71.635,0.047,0.000,0.024,75.660,4.307,0.039,15,True
64,32,0.100,30,0,0,15,15,15,4.797,76.329,0.051,0.000,0.034,81.212,4.564,0.044,16,True
64,32,0.100,31,0,0,17,17,17,5.295,76.662,0.056,0.000,0.030,82.043,3.858,0.053,18,True
64,32,0.100,35,0,0,20,20,20,4.605,93.388,0.070,0.000,0.031,98.095,4.118,0.064,21,True
64,32,0.100,34,0,0,20,20,20,5.926,92.889,0.068,0.000,0.033,98.916,4.370,0.055,21,True
64,32,0.100,33,0,0,19,19,19,5.595,92.193,0.064,0.000,0.038,97.891,6.578,0.056,20,True
64,32,0.100,29,0,0,19,19,19,4.600,100.619,0.066,0.000,0.031,105.316,5.621,0.033,20,True
64,32,0.100,36,0,0,22,22,22,4.778,103.338,0.081,0.000,0.040,108.236,3.890,0.066,23,True
64,32,0.100,27,0,0,13,13,13,4.994,57.180,0.043,0.000,0.024,62.242,4.199,0.062,14,True
64,32,0.100,31,0,0,23,23,23,4.013,104.111,0.083,0.000,0.041,108.248,5.813,0.032,24,True
64,32,0.100,38,0,0,24,24,24,5.570,109.109,0.079,0.000,0.030,114.788,3.020,0.082,25,True
64,32,0.100,31,0,0,20,20,20,5.209,103.108,0.080,0.000,0.030,108.427,9.499,0.069,39,True
64,32,0.100,29,0,0,22,22,22,4.747,108.907,0.079,0.000,0.036,113.769,7.347,0.039,34,True
64,32,0.100,32,0,0,24,24,24,5.607,113.292,0.083,0.000,0.035,119.016,5.536,0.078,26,True
64,32,0.100,30,0,0,23,23,23,5.021,116.559,0.076,0.000,0.044,121.700,3.436,0.064,24,True
64,32,0.100,42,0,0,27,27,27,6.066,117.839,0.089,0.000,0.035,124.030,2.536,0.051,28,True
64,32,0.100,39,0,0,26,26,26,4.171,116.632,0.083,0.000,0.036,120.922,5.459,0.052,27,True
64,32,0.100,37,0,0,22,22,22,6.278,113.847,0.076,0.000,0.037,120.238,6.065,0.059,23,True
64,32,0.100,28,0,0,15,15,15,4.836,69.401,0.050,0.000,0.025,74.313,4.236,0.029,16,True
64,32,0.100,40,0,0,27,27,27,5.165,119.360,0.097,0.000,0.036,124.657,4.890,0.075,28,True
64,32,0.100,28,0,0,15,15,15,4.765,67.145,0.049,0.000,0.025,71.984,3.952,0.050,16,True
64,32,0.100,42,0,0,30,30,30,4.721,131.926,0.096,0.000,0.035,136.779,4.087,0.042,31,True
64,32,0.100,46,0,0,31,31,31,4.422,133.197,0.104,0.000,0.041,137.765,4.196,0.061,32,True
64,32,0.100,27,0,0,16,16,16,4.789,132.097,0.104,0.000,0.040,137.030,5.396,0.050,34,True
64,32,0.100,14,0,0,5,5,5,6.103,21.072,0.018,0.000,0.013,27.206,4.605,0.030,6,True
64,32,0.100,32,0,0,20,20,20,4.398,88.362,0.066,0.000,0.036,92.863,4.200,0.067,21,True
64,32,0.100,38,0,0,29,29,29,5.962,145.186,0.097,0.000,0.046,151.292,4.687,0.067,30,True
64,32,0.100,39,0,0,32,32,32,4.769,147.552,0.105,0.000,0.048,152.475,6.207,0.075,34,True
64,32,0.100,24,0,0,17,17,17,5.163,78.017,0.062,0.000,0.030,83.272,3.746,0.049,18,True
64,32,0.100,16,0,0,8,8,8,5.621,36.703,0.029,0.000,0.017,42.370,4.074,0.026,9,True
64,32,0.100,32,0,0,22,22,22,6.169,96.860,0.067,0.000,0.028,103.124,4.386,0.032,23,True
64,32,0.100,39,0,0,33,33,33,7.044,170.642,0.107,0.000,0.042,177.836,4.303,0.089,34,True
64,32,0.100,37,0,0,28,28,28,6.351,124.616,0.088,0.000,0.042,131.097,4.107,0.090,29,True
64,32,0.100,50,0,0,42,42,42,5.390,177.876,0.134,0.001,0.048,183.449,4.840,0.064,43,True
64,32,0.100,44,0,0,35,35,35,6.234,174.627,0.114,0.001,0.047,181.023,4.745,0.077,36,True
64,32,0.100,26,0,0,19,19,19,5.056,85.594,0.060,0.000,0.025,90.736,3.791,0.077,20,True
64,32,0.100,47,0,0,34,34,34,5.210,186.515,0.137,0.001,0.049,191.911,6.615,0.047,58,True
64,32,0.100,45,0,0,37,37,37,5.079,149.606,0.114,0.001,0.041,154.840,5.039,0.119,38,True
64,32,0.100,55,0,0,43,43,43,5.983,190.994,0.146,0.001,0.050,197.175,2.967,0.100,44,True
64,32,0.100,58,0,0,43,43,43,4.693,196.921,0.158,0.001,0.067,201.840,5.472,0.082,44,True
64,32,0.100,43,0,0,29,29,29,4.804,119.822,0.088,0.000,0.034,124.748,3.584,0.041,30,True
64,32,0.100,30,0,0,21,21,21,5.906,111.948,0.075,0.000,0.038,117.967,5.435,0.073,22,True
64,32,0.100,65,0,0,46,46,46,5.963,201.614,0.157,0.001,0.061,207.797,6.066,0.075,47,True
64,32,0.100,32,0,0,21,21,21,4.526,100.349,0.073,0.000,0.032,104.980,5.090,0.041,22,True
64,32,0.100,36,0,0,25,25,25,4.683,107.646,0.087,0.000,0.036,112.453,4.567,0.046,26,True
64,32,0.100,33,0,0,19,19,19,5.274,87.369,0.061,0.000,0.032,92.737,3.886,0.037,20,True
64,32,0.100,56,0,0,49,49,49,4.579,220.428,0.161,0.001,0.058,225.227,4.111,0.087,50,True
64,32,0.100,28,0,0,18,18,18,5.169,96.506,0.064,0.000,0.029,101.769,6.503,0.042,19,True
64,32,0.100,61,0,0,47,46,46,5.583,220.967,0.164,0.001,0.074,226.789,4.579,0.079,47,True
64,32,0.100,25,0,0,17,17,17,4.406,87.427,0.057,0.000,0.031,91.922,4.458,0.059,18,True
64,32,0.100,25,0,0,16,16,16,5.787,69.102,0.054,0.000,0.028,74.972,4.012,0.029,17,True
64,32,0.100,34,0,0,24,24,24,4.660,108.000,0.071,0.000,0.033,112.764,4.254,0.066,25,True
64,32,0.100,18,0,0,11,11,11,5.851,52.799,0.038,0.000,0.028,58.716,4.613,0.048,12,True
64,32,0.100,34,0,0,23,23,23,5.425,105.155,0.074,0.000,0.039,110.693,3.882,0.074,24,True
64,32,0.100,26,0,0,20,20,20,6.066,101.694,0.059,0.000,0.031,107.850,4.160,0.061,21,True
64,32,0.100,56,0,0,43,43,43,5.767,246.518,0.167,0.001,0.059,252.511,7.761,0.104,74,True
64,32,0.100,29,0,0,13,13,13,5.284,59.293,0.047,0.000,0.024,64.648,3.951,0.028,14,True
64,32,0.100,35,0,0,30,30,30,5.418,259.553,0.198,0.001,0.062,265.232,9.568,0.075,77,True
64,32,0.100,59,0,0,46,46,46,5.307,194.123,0.149,0.001,0.051,199.631,4.825,0.064,47,True
64,32,0.100,26,0,0,15,15,15,5.021,72.329,0.052,0.000,0.029,77.430,4.711,0.038,16,True
64,32,0.100,42,0,0,34,34,34,4.750,137.877,0.108,0.000,0.042,142.777,4.311,0.080,35,True
64,32,0.100,40,0,0,33,33,33,4.354,150.072,0.109,0.000,0.043,154.578,4.328,0.044,34,True
64,32,0.100,19,0,0,7,7,7,5.610,32.758,0.025,0.000,0.021,38.414,4.311,0.042,8,True
64,32,0.100,45,0,0,31,31,31,5.629,138.313,0.106,0.000,0.044,144.092,5.219,0.065,32,True
64,32,0.100,50,0,0,40,40,40,6.412,196.520,0.135,0.001,0.051,203.119,4.776,0.093,41,True
64,32,0.100,65,0,0,55,55,55,5.966,283.515,0.185,0.001,0.069,289.735,6.820,0.110,57,True
64,32,0.100,36,0,0,28,28,28,4.236,129.065,0.092,0.000,0.037,133.431,3.888,0.039,29,True
64,32,0.100,46,0,0,36,36,36,4.524,156.068,0.121,0.001,0.047,160.761,6.093,0.088,37,True
64,32,0.100,22,0,0,12,12,12,4.700,56.479,0.041,0.000,0.024,61.243,4.475,0.082,13,True
64,32,0.100,85,0,0,71,71,71,6.856,294.420,0.248,0.002,0.080,301.606,5.609,0.081,72,True
64,32,0.100,30,0,0,23,23,23,4.996,104.910,0.069,0.000,0.035,110.010,3.843,0.041,24,True
64,32,0.100,58,0,0,44,44,44,4.863,181.958,0.154,0.001,0.049,187.025,6.427,0.067,50,True
64,32,0.100,60,0,0,46,46,46,5.759,294.852,0.197,0.001,0.073,300.882,11.595,0.140,100,True
64,32,0.100,28,0,0,21,21,21,5.625,111.878,0.080,0.000,0.041,117.623,4.148,0.061,22,True
64,32,0.100,52,0,0,37,37,37,5.248,159.443,0.129,0.001,0.051,164.871,4.091,0.086,38,True
64,32,0.100,43,0,0,33,33,33,5.499,144.373,0.111,0.000,0.045,150.028,5.772,0.141,34,True
64,32,0.100,54,0,0,41,41,41,5.043,181.623,0.130,0.001,0.052,186.849,5.177,0.094,42,True
64,32,0.100,24,0,0,13,13,13,4.921,69.532,0.051,0.000,0.025,74.529,4.719,0.056,14,True
64,32,0.100,21,0,0,12,12,12,5.524,57.888,0.043,0.000,0.026,63.481,4.008,0.032,13,True
64,32,0.100,34,0,0,23,23,23,5.324,107.507,0.087,0.000,0.036,112.954,3.767,0.049,24,True
64,32,0.100,46,0,0,26,26,26,5.701,116.162,0.095,0.000,0.042,121.999,3.986,0.048,27,True
64,32,0.100,64,0,0,54,54,54,5.843,224.957,0.178,0.001,0.069,231.049,4.095,0.066,55,True
64,32,0.100,44,0,0,32,32,32,5.102,143.862,0.110,0.000,0.043,149.116,4.163,0.050,33,True
64,32,0.100,10,0,0,4,4,4,5.302,18.881,0.016,0.000,0.018,24.217,3.895,0.057,5,True
64,32,0.100,46,0,0,32,32,32,5.501,145.305,0.099,0.000,0.042,150.949,4.856,0.112,33,True
64,32,0.100,71,0,0,54,54,54,6.203,269.676,0.199,0.001,0.074,276.153,7.462,0.160,56,True
64,32,0.100,32,0,0,20,20,20,5.332,101.056,0.068,0.000,0.030,106.485,4.415,0.057,21,True
64,32,0.100,64,0,0,49,49,49,5.024,201.958,0.158,0.001,0.059,207.200,3.910,0.100,50,True
64,32,0.100,56,0,0,41,41,41,4.767,182.301,0.140,0.001,0.047,187.255,4.402,0.057,42,True
64,32,0.100,44,0,0,31,31,31,6.212,153.795,0.106,0.000,0.041,160.154,4.239,0.081,32,True
64,32,0.100,42,0,0,23,23,23,5.599,101.187,0.073,0.000,0.031,106.891,5.372,0.053,24,True
64,32,0.100,65,0,0,47,47,47,5.406,192.566,0.161,0.001,0.051,198.184,3.755,0.091,48,True
64,32,0.100,41,0,0,34,34,34,4.673,151.206,0.107,0.000,0.046,156.032,3.981,0.099,35,True
64,32,0.100,52,0,0,36,36,36,6.280,180.267,0.124,0.001,0.045,186.717,4.589,0.102,37,True
64,32,0.100,41,0,0,27,27,27,4.779,146.761,0.110,0.000,0.043,151.693,8.447,0.065,40,True
64,32,0.100,29,0,0,21,21,21,4.311,319.867,0.230,0.001,0.074,324.482,32.912,0.035,105,True
64,32,0.100,27,0,0,17,17,17,4.938,80.269,0.056,0.000,0.028,85.292,4.505,0.036,18,True
64,32,0.100,32,0,0,24,24,24,4.613,99.484,0.078,0.000,0.036,104.212,4.274,0.040,25,True
64,32,0.100,43,0,0,30,30,30,4.875,132.085,0.106,0.000,0.035,137.101,3.622,0.049,31,True
64,32,0.100,47,0,0,37,37,37,5.253,162.049,0.119,0.001,0.051,167.472,3.931,0.059,38,True
64,32,0.100,48,0,0,36,36,36,4.194,177.236,0.138,0.001,0.053,181.621,7.613,0.070,59,True
64,32,0.100,32,0,0,21,21,21,4.724,96.892,0.067,0.000,0.028,101.712,5.263,0.066,22,True
64,32,0.100,39,0,0,22,22,22,5.872,112.697,0.075,0.000,0.038,118.682,5.188,0.067,23,True
64,32,0.100,32,0,0,24,24,24,4.208,112.439,0.084,0.000,0.040,116.771,5.194,0.039,25,True
64,32,0.100,31,0,0,23,23,23,4.880,99.609,0.073,0.000,0.028,104.591,3.809,0.060,24,True
64,32,0.100,29,0,0,16,16,16,4.507,99.619,0.066,0.000,0.031,104.223,9.411,0.041,33,True
64,32,0.100,44,0,0,28,28,28,5.019,316.825,0.246,0.001,0.074,322.165,7.884,0.050,93,True
64,32,0.100,38,0,0,27,27,27,5.582,119.291,0.094,0.000,0.046,125.014,10.488,0.095,33,True
64,32,0.100,38,0,0,25,25,25,5.906,131.262,0.083,0.000,0.039,137.290,4.407,0.072,26,True
64,32,0.100,38,0,0,29,29,29,5.040,124.471,0.088,0.000,0.038,129.637,4.360,0.078,30,True
64,32,0.100,22,0,0,18,18,18,5.507,80.270,0.062,0.000,0.035,85.874,4.318,0.073,19,True
64,32,0.100,39,0,0,25,25,25,5.434,109.994,0.086,0.000,0.034,115.549,5.211,0.040,26,True
64,32,0.100,39,0,0,28,28,28,5.215,416.944,0.319,0.001,0.092,422.571,32.645,0.054,151,True
64,32,0.100,36,0,0,24,24,24,5.573,128.368,0.096,0.000,0.044,134.081,5.922,0.063,25,True
64,32,0.100,36,0,0,28,28,28,4.845,137.331,0.094,0.000,0.037,142.307,9.504,0.087,33,True
64,32,0.100,22,0,0,8,8,8,4.386,35.804,0.027,0.000,0.023,40.241,4.517,0.021,9,True
64,32,0.100,25,0,0,19,19,19,4.942,95.657,0.070,0.000,0.029,100.698,7.772,0.066,20,True
64,32,0.100,24,0,0,16,16,16,5.352,77.035,0.052,0.000,0.029,82.468,4.918,0.045,17,True
64,32,0.100,22,0,0,13,13,13,4.586,59.810,0.043,0.000,0.025,64.462,3.909,0.032,14,True
64,32,0.100,43,0,0,30,30,30,5.879,154.315,0.108,0.000,0.046,160.349,4.932,0.073,31,True
64,32,0.100,26,0,0,14,14,14,4.851,63.889,0.045,0.000,0.028,68.814,3.883,0.038,15,True
64,32,0.100,29,0,0,20,20,20,5.873,102.176,0.074,0.000,0.034,108.157,6.190,0.068,21,True
64,32,0.100,62,0,0,49,49,49,5.315,204.927,0.158,0.001,0.064,210.464,4.323,0.139,50,True
64,32,0.100,31,0,0,13,13,13,4.629,60.596,0.042,0.000,0.035,65.302,6.567,0.048,14,True
64,32,0.100,35,0,0,23,23,23,5.344,102.841,0.072,0.000,0.034,108.291,3.973,0.067,24,True
64,32,0.100,51,0,0,35,35,35,5.392,297.253,0.234,0.001,0.071,302.951,6.757,0.127,81,True
64,32,0.100,41,0,0,25,25,25,5.005,115.188,0.087,0.000,0.038,120.319,4.493,0.044,26,True
64,32,0.100,22,0,0,14,14,14,5.388,63.129,0.045,0.000,0.023,68.585,3.788,0.027,15,True
64,32,0.100,19,0,0,6,6,6,5.384,32.245,0.024,0.000,0.018,37.671,4.455,0.046,7,True
64,32,0.100,80,0,0,68,68,68,6.729,285.470,0.236,0.002,0.072,292.509,4.345,0.181,69,True
64,32,0.100,28,0,0,19,19,19,4.910,85.177,0.060,0.000,0.030,90.177,4.313,0.036,20,True
64,32,0.100,44,0,0,25,25,25,5.247,109.814,0.079,0.000,0.032,115.173,3.959,0.036,26,True
64,32,0.100,23,0,0,16,16,16,4.444,71.230,0.050,0.000,0.029,75.753,3.852,0.029,17,True
64,32,0.100,11,0,0,6,6,6,4.812,25.207,0.021,0.000,0.021,30.062,4.433,0.028,7,True
64,32,0.100,30,0,0,24,24,24,4.659,120.574,0.083,0.000,0.033,125.350,4.054,0.041,25,True
64,32,0.100,38,0,0,27,27,27,5.150,114.088,0.089,0.000,0.039,119.367,3.861,0.069,28,True
64,32,0.100,36,0,0,20,20,20,4.850,86.413,0.062,0.000,0.035,91.359,4.259,0.068,21,True
64,32,0.100,34,0,0,29,29,29,4.907,138.471,0.095,0.000,0.043,143.518,4.898,0.049,30,True
64,32,0.100,18,0,0,14,14,14,4.827,72.389,0.047,0.000,0.027,77.290,4.065,0.034,15,True
64,32,0.100,40,0,0,27,27,27,4.446,114.263,0.093,0.000,0.036,118.838,5.474,0.040,28,True
64,32,0.100,48,0,0,40,40,40,5.462,174.256,0.124,0.001,0.048,179.890,4.169,0.130,41,True
64,32,0.100,39,0,0,31,31,31,5.468,127.889,0.103,0.000,0.037,133.497,3.708,0.114,32,True
64,32,0.100,29,0,0,17,17,17,4.545,73.009,0.059,0.000,0.032,77.645,4.470,0.031,18,True
64,32,0.100,25,0,0,18,18,18,4.963,84.684,0.056,0.000,0.030,89.732,4.904,0.044,19,True
64,32,0.100,29,0,0,25,25,25,5.403,104.742,0.075,0.000,0.036,110.255,6.126,0.080,26,True
64,32,0.100,69,0,0,53,53,53,4.761,193.004,0.183,0.001,0.061,198.009,4.469,0.075,54,True
64,32,0.100,78,0,0,66,66,66,5.229,296.632,0.235,0.002,0.084,302.181,6.153,0.123,93,True
64,32,0.100,43,0,0,25,25,25,4.914,120.290,0.092,0.000,0.045,125.342,7.914,0.040,45,True
64,32,0.100,42,0,0,38,38,38,5.853,150.273,0.108,0.000,0.042,156.277,4.225,0.122,39,True
64,32,0.100,47,0,0,37,37,37,5.447,143.642,0.105,0.000,0.042,149.237,4.636,0.071,38,True
64,32,0.100,31,0,0,22,22,22,4.500,82.103,0.064,0.000,0.030,86.697,3.635,0.046,23,True
64,32,0.100,46,0,0,34,34,34,5.618,128.028,0.112,0.000,0.040,133.798,4.721,0.129,35,True
64,32,0.100,42,0,0,27,27,27,6.569,583.310,0.442,0.002,0.143,590.466,10.858,0.084,201,True
64,32,0.100,32,0,0,23,23,23,4.777,81.674,0.064,0.000,0.027,86.543,4.432,0.098,24,True
64,32,0.100,42,0,0,31,31,31,4.819,134.336,0.089,0.000,0.034,139.278,6.732,0.067,32,True
64,32,0.100,52,0,0,41,41,41,5.143,175.333,0.120,0.001,0.048,180.645,6.220,0.122,45,True
64,32,0.100,44,0,0,36,36,36,4.523,137.403,0.097,0.000,0.042,142.065,4.800,0.048,37,True
64,32,0.100,58,0,0,45,45,45,6.074,274.719,0.201,0.001,0.069,281.064,7.290,0.121,106,True
64,32,0.100,43,0,0,29,29,29,5.775,106.175,0.078,0.000,0.039,112.067,4.221,0.102,30,True
64,32,0.100,66,0,0,61,61,61,5.717,195.880,0.156,0.001,0.055,201.808,4.130,0.127,62,True
64,32,0.100,32,0,0,23,23,23,5.956,231.521,0.166,0.000,0.063,237.705,34.019,0.069,101,True
64,32,0.100,53,0,0,41,41,41,5.817,153.456,0.109,0.001,0.051,159.434,7.258,0.116,42,True
64,32,0.100,42,0,0,24,24,24,6.001,629.859,0.436,0.001,0.144,636.441,10.215,0.036,277,True
64,32,0.100,44,0,0,32,32,32,5.918,273.740,0.219,0.001,0.073,279.950,13.815,0.084,126,True
64,32,0.100,37,0,0,23,23,23,5.116,333.792,0.259,0.001,0.087,339.255,33.241,0.078,164,True
64,32,0.100,50,0,0,40,40,40,5.551,645.534,0.534,0.002,0.175,651.796,14.006,0.056,358,True
64,32,0.100,61,0,0,55,55,55,5.845,465.542,0.404,0.002,0.128,471.921,9.173,0.078,273,True
64,32,0.100,51,0,0,37,37,37,7.308,956.482,0.808,0.004,0.240,964.842,7.072,0.108,567,True
64,32,0.100,36,0,0,23,23,23,6.040,705.474,0.512,0.002,0.177,712.206,29.177,0.046,408,True
64,32,0.100,34,0,0,23,23,23,6.549,778.171,0.627,0.002,0.179,785.526,33.986,0.061,460,True
64,32,0.100,82,0,0,67,67,67,6.226,594.141,0.610,0.004,0.176,601.157,9.969,0.153,288,True
64,32,0.100,72,0,0,62,62,62,6.113,1131.235,1.048,0.006,0.353,1138.754,30.635,0.151,752,True
64,32,0.100,34,0,0,25,25,25,7.116,1503.501,1.216,0.004,0.348,1512.185,31.576,0.089,965,True
64,32,0.100,37,0,0,31,31,31,7.489,1679.520,1.658,0.013,0.536,1689.215,11.759,0.052,1207,True
64,64,0.050,16,0,0,11,11,11,21.346,244.903,0.060,0.000,0.029,266.338,18.413,0.140,12,True
64,64,0.050,20,0,0,15,15,15,19.336,345.431,0.087,0.000,0.041,364.895,17.571,0.090,16,True
64,64,0.050,20,0,0,17,17,17,19.351,382.887,0.101,0.000,0.031,402.370,16.871,0.138,18,True
64,64,0.050,25,0,0,18,18,18,18.120,420.731,0.096,0.000,0.028,438.975,16.712,0.099,19,True
64,64,0.050,27,0,0,19,19,19,21.821,439.294,0.118,0.000,0.038,461.272,18.594,0.135,20,True
64,64,0.050,19,0,0,16,16,16,20.378,447.426,0.096,0.000,0.034,467.933,23.104,0.116,17,True
64,64,0.050,29,0,0,19,19,19,23.043,458.864,0.110,0.000,0.039,482.058,18.700,0.168,20,True
64,64,0.050,28,0,0,21,21,21,20.693,481.108,0.110,0.000,0.034,501.946,17.501,0.101,22,True
64,64,0.050,27,0,0,22,22,22,20.697,513.952,0.124,0.000,0.038,534.812,18.063,0.119,23,True
64,64,0.050,30,0,0,23,23,23,19.634,528.227,0.126,0.000,0.039,548.025,17.444,0.210,24,True
64,64,0.050,29,0,0,23,23,23,18.228,529.004,0.124,0.000,0.036,547.393,17.348,0.106,24,True
64,64,0.050,31,0,0,23,23,23,17.745,533.335,0.142,0.000,0.034,551.257,26.422,0.103,28,True
64,64,0.050,27,0,0,23,23,23,21.637,531.013,0.146,0.000,0.041,552.837,20.220,0.108,24,True
64,64,0.050,28,0,0,24,24,24,19.393,573.027,0.127,0.000,0.035,592.583,17.312,0.213,25,True
64,64,0.050,29,0,0,27,26,26,18.444,578.499,0.170,0.000,0.046,597.160,23.080,0.099,27,True
64,64,0.050,30,0,0,25,25,25,23.320,580.985,0.142,0.000,0.042,604.489,17.475,0.176,26,True
64,64,0.050,32,0,0,25,25,25,22.424,574.294,0.138,0.000,0.039,596.895,25.425,0.144,26,True
64,64,0.050,30,0,0,27,27,27,18.509,599.152,0.151,0.000,0.037,617.849,17.690,0.189,28,True
64,64,0.050,33,0,0,26,26,26,18.489,603.749,0.150,0.000,0.046,622.434,21.260,0.161,27,True
64,64,0.050,26,0,0,22,22,22,20.440,614.198,0.133,0.000,0.037,634.807,22.459,0.123,23,True
64,64,0.050,36,0,0,28,28,28,22.430,619.751,0.154,0.000,0.048,642.384,18.487,0.256,29,True
64,64,0.050,32,0,0,22,22,22,22.913,619.295,0.131,0.000,0.044,642.383,22.480,0.129,23,True
64,64,0.050,34,0,0,28,28,28,19.938,645.995,0.157,0.000,0.038,666.128,18.072,0.271,29,True
64,64,0.050,35,0,0,30,30,30,20.638,666.321,0.167,0.000,0.041,687.167,16.070,0.202,31,True
64,64,0.050,40,0,0,29,29,29,20.005,683.419,0.177,0.000,0.045,703.647,19.150,0.190,30,True
64,64,0.050,42,0,0,30,30,30,21.277,695.711,0.169,0.000,0.041,717.198,17.052,0.188,31,True
64,64,0.050,38,0,0,29,29,29,18.298,693.263,0.177,0.000,0.045,711.784,25.076,0.113,31,True
64,64,0.050,34,0,0,26,26,26,21.919,697.856,0.148,0.000,0.044,719.967,20.639,0.368,27,True
64,64,0.050,35,0,0,33,33,33,18.603,736.659,0.177,0.000,0.045,755.484,17.779,0.169,34,True
64,64,0.050,34,0,0,26,26,26,21.240,727.598,0.147,0.000,0.049,749.036,22.499,0.200,27,True
64,64,0.050,44,0,0,26,26,26,23.823,727.620,0.149,0.000,0.041,751.634,21.671,0.182,27,True
64,64,0.050,41,0,0,34,34,34,18.349,737.387,0.183,0.001,0.049,755.968,22.651,0.124,35,True
64,64,0.050,49,0,0,38,38,38,19.595,764.390,0.220,0.001,0.053,784.259,19.289,0.146,39,True
64,64,0.050,47,0,0,33,33,33,24.352,766.301,0.199,0.000,0.052,790.905,19.416,0.128,34,True
64,64,0.050,47,0,0,36,36,36,21.165,793.158,0.198,0.001,0.056,814.578,18.195,0.162,37,True
64,64,0.050,28,0,0,23,23,23,17.479,518.238,0.121,0.000,0.041,535.880,19.074,0.281,24,True
64,64,0.050,44,0,0,36,36,36,18.875,841.234,0.214,0.001,0.057,860.380,17.809,0.243,37,True
64,64,0.050,39,0,0,32,32,32,23.436,840.272,0.192,0.001,0.048,863.949,21.604,0.151,33,True
64,64,0.050,29,0,0,21,21,21,23.044,836.995,0.196,0.000,0.055,860.290,31.035,0.151,34,True
64,64,0.050,38,0,0,31,30,30,20.934,830.295,0.183,0.000,0.049,851.461,39.476,0.123,40,True
64,64,0.050,45,0,0,39,39,39,18.975,861.563,0.226,0.001,0.053,880.818,16.964,0.277,40,True
64,64,0.050,44,0,0,39,39,39,18.362,869.400,0.225,0.001,0.056,888.044,16.380,0.194,40,True
64,64,0.050,40,0,0,32,32,32,22.618,869.253,0.181,0.000,0.054,892.107,29.964,0.200,37,True
64,64,0.050,19,0,0,12,12,12,18.819,267.824,0.067,0.000,0.021,286.731,18.924,0.149,13,True
64,64,0.050,52,0,0,43,43,43,21.827,961.236,0.257,0.001,0.065,983.386,18.465,0.170,44,True
64,64,0.050,13,0,0,8,8,8,17.225,217.029,0.049,0.000,0.028,234.332,22.137,0.125,9,True
64,64,0.050,16,0,0,10,10,10,22.544,230.261,0.054,0.000,0.020,252.880,19.578,0.149,11,True
64,64,0.050,49,0,0,38,38,38,22.811,985.037,0.238,0.001,0.053,1008.140,22.353,0.297,39,True
64,64,0.050,49,0,0,47,47,47,18.613,1007.347,0.279,0.001,0.066,1026.306,16.305,0.324,48,True
64,64,0.050,21,0,0,14,14,14,18.480,326.885,0.090,0.000,0.028,345.482,20.486,0.192,15,True
64,64,0.050,52,0,0,46,46,46,22.578,1033.842,0.277,0.001,0.063,1056.761,25.302,0.223,47,True
64,64,0.050,53,0,0,49,49,49,23.321,1065.979,0.288,0.001,0.079,1089.668,19.077,0.219,50,True
64,64,0.050,53,0,0,45,45,45,19.466,1092.134,0.259,0.001,0.065,1111.924,22.047,0.169,46,True
64,64,0.050,32,0,0,26,26,26,20.617,668.423,0.153,0.000,0.046,689.239,34.260,0.279,27,True
64,64,0.050,58,0,0,51,51,51,18.378,1103.195,0.279,0.001,0.063,1121.916,22.321,0.139,52,True
64,64,0.050,27,0,0,22,22,22,21.175,496.799,0.127,0.000,0.039,518.140,21.315,0.245,23,True
64,64,0.050,57,0,0,51,51,51,19.914,1126.818,0.294,0.001,0.065,1147.091,24.196,0.152,52,True
64,64,0.050,54,0,0,44,44,44,19.952,1127.882,0.260,0.001,0.069,1148.165,21.621,0.203,45,True
64,64,0.050,48,0,0,44,44,44,22.131,1146.070,0.243,0.001,0.060,1168.505,20.532,0.488,45,True
64,64,0.050,54,0,0,49,49,49,25.319,1166.490,0.291,0.001,0.065,1192.167,20.867,0.406,50,True
64,64,0.050,43,0,0,35,35,35,18.810,738.337,0.212,0.001,0.051,757.411,18.918,0.315,36,True
64,64,0.050,61,0,0,57,57,57,21.397,1182.330,0.338,0.001,0.077,1204.143,18.792,0.250,58,True
64,64,0.050,24,0,0,18,18,18,20.803,409.690,0.111,0.000,0.028,430.633,18.525,0.157,19,True
64,64,0.050,28,0,0,24,24,24,19.705,552.955,0.132,0.000,0.043,572.835,18.326,0.305,25,True
64,64,0.050,28,0,0,22,22,22,19.639,494.379,0.126,0.000,0.034,514.177,17.720,0.239,23,True
64,64,0.050,76,0,0,70,70,70,20.132,1341.557,0.412,0.002,0.093,1362.195,18.534,0.198,71,True
64,64,0.050,28,0,0,21,21,21,18.811,499.469,0.125,0.000,0.050,518.455,26.830,0.160,22,True
64,64,0.050,27,0,0,22,22,22,20.551,523.808,0.125,0.000,0.036,544.520,27.648,0.165,38,True
64,64,0.050,74,0,0,67,67,67,21.314,1396.627,0.388,0.002,0.090,1418.421,18.446,0.216,68,True
64,64,0.050,53,0,0,40,40,40,22.105,855.575,0.228,0.001,0.056,877.965,19.349,0.266,41,True
64,64,0.050,76,0,0,67,67,67,18.378,1415.115,0.363,0.002,0.075,1433.933,20.807,0.187,68,True
64,64,0.050,39,0,0,30,30,30,21.159,705.016,0.171,0.000,0.046,726.392,19.522,0.256,31,True
64,64,0.050,41,0,0,34,34,34,21.101,770.037,0.203,0.001,0.052,791.394,19.424,0.346,35,True
64,64,0.050,61,0,0,60,59,59,23.845,1455.844,0.352,0.001,0.081,1480.123,28.969,0.309,77,True
64,64,0.050,58,0,0,47,47,47,21.810,1015.099,0.287,0.001,0.065,1037.261,18.624,0.257,48,True
64,64,0.050,39,0,0,35,35,35,19.050,912.381,0.254,0.001,0.059,931.745,26.026,0.294,59,True
64,64,0.050,45,0,0,39,39,39,20.919,853.279,0.213,0.001,0.048,874.459,19.643,0.286,40,True
64,64,0.050,25,0,0,22,22,22,21.855,578.848,0.138,0.000,0.035,600.876,20.077,0.292,23,True
64,64,0.050,31,0,0,20,20,20,19.514,458.374,0.127,0.000,0.038,478.054,31.286,0.250,21,True
64,64,0.050,11,0,0,4,4,4,20.109,85.746,0.021,0.000,0.017,105.893,18.727,0.123,5,True
64,64,0.050,44,0,0,36,36,36,20.357,866.260,0.221,0.001,0.047,886.885,27.111,0.307,38,True
64,64,0.050,23,0,0,18,18,18,21.673,424.543,0.099,0.000,0.036,446.352,21.033,0.122,19,True
64,64,0.050,44,0,0,39,39,39,19.197,832.725,0.214,0.001,0.049,852.186,18.643,0.338,40,True
64,64,0.050,53,0,0,48,48,48,19.150,1089.017,0.285,0.001,0.071,1108.524,20.551,0.285,49,True
64,64,0.050,48,0,0,44,44,44,25.948,1057.953,0.276,0.001,0.071,1084.248,22.692,0.444,45,True
64,64,0.050,20,0,0,15,15,15,18.473,343.406,0.091,0.000,0.032,362.002,19.260,0.145,16,True
64,64,0.050,52,0,0,46,46,46,20.023,981.156,0.284,0.001,0.060,1001.524,26.282,0.326,47,True
64,64,0.050,35,0,0,31,31,31,21.200,723.697,0.193,0.001,0.054,745.145,20.410,0.268,32,True
64,64,0.050,20,0,0,16,16,16,19.392,401.870,0.087,0.000,0.030,421.380,19.960,0.175,17,True
64,64,0.050,34,0,0,32,32,32,23.248,840.614,0.179,0.000,0.051,864.093,22.194,0.292,33,True
64,64,0.050,38,0,0,33,33,33,21.509,852.986,0.200,0.001,0.050,874.744,22.667,0.307,34,True
64,64,0.050,27,0,0,18,18,18,19.744,483.397,0.105,0.000,0.030,503.277,21.759,0.230,19,True
64,64,0.050,66,0,0,52,52,52,21.573,1093.889,0.318,0.001,0.074,1115.856,17.282,0.275,53,True
64,64,0.050,33,0,0,28,28,28,20.533,667.100,0.154,0.000,0.046,687.833,19.474,0.242,29,True
64,64,0.050,40,0,0,33,33,33,20.222,968.634,0.243,0.001,0.054,989.153,29.886,0.349,69,True
64,64,0.050,43,0,0,35,35,35,20.228,792.314,0.194,0.001,0.049,812.786,19.167,0.297,36,True
64,64,0.050,32,0,0,28,28,28,18.972,661.497,0.159,0.000,0.045,680.674,18.466,0.188,29,True
64,64,0.050,40,0,0,34,34,34,21.657,749.001,0.176,0.001,0.044,770.879,18.630,0.240,35,True
64,64,0.050,48,0,0,40,40,40,20.428,929.315,0.222,0.001,0.054,950.020,19.912,0.321,41,True
64,64,0.050,65,0,0,59,59,59,21.826,1144.596,0.320,0.001,0.073,1166.816,16.812,0.540,60,True
64,64,0.050,36,0,0,31,31,31,18.114,713.082,0.187,0.000,0.052,731.435,19.123,0.286,32,True
64,64,0.050,30,0,0,25,25,25,19.359,592.131,0.151,0.000,0.041,611.682,18.157,0.252,26,True
64,64,0.050,29,0,0,26,26,26,19.247,606.508,0.153,0.000,0.040,625.949,18.427,0.234,27,True
64,64,0.050,29,0,0,21,21,21,21.484,550.821,0.116,0.000,0.034,572.456,27.493,0.172,22,True
64,64,0.050,95,0,0,91,91,91,23.123,1793.927,0.563,0.003,0.111,1817.727,19.286,0.449,92,True
64,64,0.050,61,0,0,54,54,54,21.917,1151.721,0.321,0.001,0.073,1174.033,17.577,0.323,55,True
64,64,0.050,27,0,0,20,20,20,20.182,438.093,0.128,0.000,0.029,458.431,18.898,0.209,21,True
64,64,0.050,39,0,0,29,29,29,23.266,643.214,0.180,0.000,0.046,666.706,23.638,0.332,30,True
64,64,0.050,69,0,0,65,65,65,21.538,1305.898,0.372,0.002,0.080,1327.891,19.049,0.466,66,True
64,64,0.050,34,0,0,24,24,24,19.834,654.983,0.165,0.000,0.049,675.032,31.112,0.327,40,True
64,64,0.050,57,0,0,53,53,53,22.282,1199.597,0.335,0.001,0.075,1222.290,21.680,0.515,54,True
64,64,0.050,35,0,0,32,32,32,20.903,812.726,0.169,0.000,0.051,833.849,22.984,0.312,33,True
64,64,0.050,30,0,0,22,22,22,21.415,579.702,0.125,0.000,0.049,601.291,22.135,0.216,23,True
64,64,0.050,33,0,0,30,30,30,20.771,752.012,0.171,0.000,0.047,773.001,20.636,0.332,31,True
64,64,0.050,48,0,0,41,40,40,18.808,912.771,0.231,0.001,0.054,931.866,30.720,0.377,41,True
64,64,0.050,37,0,0,24,24,24,22.283,557.821,0.137,0.000,0.038,580.279,19.916,0.237,25,True
64,64,0.050,30,0,0,26,26,26,18.559,599.334,0.152,0.000,0.040,618.084,18.032,0.279,27,True
64,64,0.050,46,0,0,42,42,42,23.956,1059.379,0.231,0.001,0.061,1083.629,37.167,0.449,43,True
64,64,0.050,16,0,0,11,11,11,20.423,266.945,0.065,0.000,0.027,287.460,18.905,0.132,12,True
64,64,0.050,17,0,0,11,11,11,19.483,280.837,0.072,0.000,0.027,300.419,19.290,0.149,12,True
64,64,0.050,28,0,0,15,15,15,19.800,348.922,0.093,0.000,0.030,368.846,20.244,0.167,16,True
64,64,0.050,32,0,0,26,26,26,18.687,592.857,0.150,0.000,0.040,611.734,23.374,0.291,27,True
64,64,0.050,23,0,0,18,18,18,21.143,413.934,0.106,0.000,0.032,435.215,18.941,0.159,19,True
64,64,0.050,15,0,0,9,9,9,16.598,205.473,0.057,0.000,0.020,222.148,18.279,0.106,10,True
64,64,0.050,13,0,0,10,10,10,18.672,248.300,0.059,0.000,0.031,267.061,21.316,0.120,11,True
64,64,0.050,55,0,0,41,40,40,19.570,900.016,0.235,0.001,0.058,919.880,25.677,0.286,41,True
64,64,0.050,63,0,0,57,57,57,22.158,1225.928,0.347,0.001,0.079,1248.512,18.953,0.448,58,True
64,64,0.050,55,0,0,50,50,50,22.838,1078.816,0.298,0.001,0.072,1102.026,21.612,0.497,51,True
64,64,0.050,35,0,0,26,26,26,22.709,580.138,0.157,0.000,0.046,603.050,17.428,0.188,27,True
64,64,0.050,56,0,0,49,49,49,23.403,1227.101,0.278,0.001,0.066,1250.849,27.287,0.351,50,True
64,64,0.050,69,0,0,58,58,58,21.675,1276.374,0.354,0.001,0.095,1298.498,29.527,0.423,59,True
64,64,0.050,26,0,0,19,19,19,18.624,441.717,0.104,0.000,0.029,460.474,17.439,0.213,20,True
64,64,0.050,11,0,0,8,8,8,19.070,174.590,0.050,0.000,0.018,193.729,28.388,0.105,9,True
64,64,0.050,36,0,0,30,30,30,20.015,714.708,0.179,0.000,0.058,734.960,19.043,0.313,31,True
64,64,0.050,62,0,0,54,54,54,21.373,1135.445,0.351,0.001,0.074,1157.244,18.784,0.352,55,True
64,64,0.050,37,0,0,32,32,32,18.215,712.481,0.163,0.000,0.054,730.913,18.405,0.251,33,True
64,64,0.050,34,0,0,22,22,22,18.441,516.404,0.138,0.000,0.039,535.021,25.928,0.185,23,True
64,64,0.050,43,0,0,35,35,35,19.907,878.678,0.203,0.001,0.058,898.847,18.853,0.354,36,True
64,64,0.050,44,0,0,35,35,35,21.331,785.036,0.210,0.001,0.053,806.631,19.405,0.348,36,True
64,64,0.050,59,0,0,51,51,51,20.568,1094.579,0.325,0.001,0.067,1115.540,19.838,0.345,52,True
64,64,0.050,35,0,0,29,29,29,21.223,739.119,0.153,0.000,0.047,760.543,21.989,0.415,30,True
64,64,0.050,40,0,0,29,29,29,21.761,654.460,0.168,0.000,0.043,676.433,19.157,0.281,30,True
64,64,0.050,48,0,0,44,43,43,20.301,903.377,0.266,0.001,0.071,924.016,26.101,0.412,44,True
64,64,0.050,48,0,0,40,40,40,18.234,856.292,0.232,0.001,0.053,874.811,19.760,0.356,41,True
64,64,0.050,46,0,0,40,40,40,20.674,881.415,0.221,0.001,0.056,902.368,18.882,0.322,41,True
64,64,0.050,44,0,0,38,38,38,19.919,853.635,0.212,0.001,0.052,873.819,28.468,0.274,39,True
64,64,0.050,36,0,0,30,30,30,18.567,659.221,0.181,0.000,0.040,678.010,27.812,0.214,36,True
64,64,0.050,27,0,0,22,22,22,19.512,530.021,0.122,0.000,0.046,549.702,20.866,0.296,23,True
64,64,0.050,21,0,0,17,17,17,17.821,385.462,0.096,0.000,0.040,403.420,18.615,0.155,18,True
64,64,0.050,44,0,0,36,36,36,21.811,813.943,0.238,0.001,0.050,836.043,17.989,0.387,37,True
64,64,0.050,49,0,0,39,39,39,19.295,846.952,0.221,0.001,0.055,866.525,17.928,0.367,40,True
64,64,0.050,49,0,0,42,42,42,21.215,884.635,0.235,0.001,0.057,906.142,19.071,0.299,43,True
64,64,0.050,40,0,0,38,37,37,23.311,876.875,0.220,0.001,0.059,900.465,24.523,0.303,38,True
64,64,0.050,41,0,0,31,31,31,19.661,696.952,0.176,0.000,0.050,716.839,19.632,0.235,32,True
64,64,0.050,34,0,0,26,26,26,19.521,594.916,0.148,0.000,0.043,614.629,19.992,0.260,27,True
64,64,0.050,23,0,0,16,16,16,20.516,350.637,0.083,0.000,0.031,371.267,19.879,0.212,17,True
64,64,0.050,40,0,0,34,34,34,17.857,751.126,0.189,0.000,0.045,769.218,18.639,0.272,35,True
64,64,0.050,50,0,0,39,39,39,20.472,809.543,0.226,0.001,0.048,830.290,18.890,0.375,40,True
64,64,0.050,45,0,0,39,38,38,21.457,807.244,0.217,0.001,0.049,828.968,24.079,0.368,39,True
64,64,0.050,45,0,0,38,38,38,20.998,880.921,0.222,0.001,0.046,902.187,21.450,0.302,39,True
64,64,0.050,33,0,0,26,26,26,18.429,563.288,0.137,0.000,0.043,581.898,20.457,0.253,27,True
64,64,0.050,54,0,0,46,46,46,23.711,1093.897,0.241,0.001,0.058,1117.909,20.866,0.370,47,True
64,64,0.050,39,0,0,36,36,36,19.826,762.713,0.196,0.000,0.047,782.783,19.373,0.226,37,True
64,64,0.050,43,0,0,41,41,41,19.403,959.340,0.202,0.001,0.051,978.997,22.491,0.280,42,True
64,64,0.050,29,0,0,19,19,19,19.161,446.558,0.100,0.000,0.035,465.854,36.430,0.183,20,True
64,64,0.050,36,0,0,30,30,30,18.879,621.356,0.145,0.000,0.047,640.426,26.319,0.237,31,True
64,64,0.050,46,0,0,31,31,31,19.583,747.019,0.171,0.001,0.054,766.828,32.165,0.285,44,True
64,64,0.050,31,0,0,23,23,23,22.235,431.018,0.110,0.000,0.035,453.399,26.768,0.230,24,True
64,64,0.050,48,0,0,42,42,42,22.516,817.135,0.206,0.001,0.052,839.909,25.955,0.388,43,True
64,64,0.050,58,0,0,47,47,47,25.556,1024.794,0.261,0.001,0.057,1050.669,31.016,0.344,48,True
64,64,0.050,51,0,0,48,48,48,21.219,949.147,0.235,0.001,0.062,970.663,27.029,0.334,49,True
64,64,0.050,44,0,0,36,36,36,19.966,704.496,0.169,0.000,0.046,724.678,18.190,0.233,37,True
64,64,0.050,60,0,0,56,56,56,23.286,1084.133,0.289,0.001,0.063,1107.771,19.370,0.371,57,True
64,64,0.050,33,0,0,31,31,31,22.204,594.655,0.144,0.000,0.039,617.042,18.260,0.208,32,True
64,64,0.050,37,0,0,34,34,34,21.386,659.113,0.153,0.000,0.040,680.692,22.631,0.275,35,True
64,64,0.050,34,0,0,25,25,25,20.184,517.510,0.113,0.000,0.041,537.848,21.334,0.275,26,True
64,64,0.050,50,0,0,41,41,41,19.076,841.561,0.203,0.001,0.052,860.892,25.503,0.306,42,True
64,64,0.050,48,0,0,40,40,40,20.515,713.068,0.187,0.001,0.051,733.821,19.498,0.248,41,True
64,64,0.050,60,0,0,48,48,48,21.725,790.331,0.224,0.001,0.053,812.334,23.769,0.429,49,True
64,64,0.050,58,0,0,50,50,50,19.293,854.205,0.231,0.001,0.058,873.787,27.699,0.488,64,True
64,64,0.050,44,0,0,39,39,39,21.001,729.656,0.186,0.001,0.048,750.892,19.777,0.228,40,True
64,64,0.050,59,0,0,48,48,48,18.376,823.983,0.227,0.001,0.055,842.642,18.319,0.312,49,True
64,64,0.050,73,0,0,65,63,63,21.629,1186.095,0.318,0.002,0.086,1208.130,25.244,0.321,64,True
64,64,0.050,39,0,0,32,32,32,21.969,552.920,0.129,0.000,0.038,575.057,22.243,0.272,33,True
64,64,0.050,57,0,0,52,52,52,21.697,878.520,0.241,0.001,0.060,900.520,17.505,0.446,53,True
64,64,0.050,53,0,0,47,47,47,21.251,806.581,0.205,0.001,0.057,828.094,18.821,0.324,48,True
64,64,0.050,58,0,0,52,52,52,20.746,855.875,0.263,0.001,0.070,876.955,20.186,0.485,53,True
64,64,0.050,56,0,0,53,53,53,21.880,773.234,0.226,0.001,0.053,795.394,18.245,0.357,54,True
64,64,0.050,45,0,0,38,38,38,19.731,1035.305,0.293,0.001,0.071,1055.400,31.170,0.287,111,True
64,64,0.050,61,0,0,54,54,54,21.414,765.160,0.234,0.001,0.066,786.875,22.553,0.516,55,True
64,64,0.050,60,0,0,54,54,54,23.937,837.943,0.235,0.001,0.058,862.174,31.308,0.508,55,True
64,64,0.050,69,0,0,61,61,61,21.080,1240.479,0.378,0.001,0.088,1262.027,28.475,0.557,142,True
64,64,0.050,44,0,0,36,36,36,20.352,1324.295,0.389,0.001,0.095,1345.133,40.946,0.313,175,True
64,16,0.200,13,0,0,1,1,1,0.890,0.702,0.003,0.000,0.009,1.604,0.663,0.008,2,True
64,16,0.200,7,0,0,1,1,1,1.188,0.482,0.003,0.000,0.012,1.686,0.594,0.008,2,True
64,16,0.200,13,0,0,1,1,1,1.056,0.501,0.004,0.000,0.010,1.571,0.655,0.011,2,True
64,16,0.200,18,0,0,2,2,2,1.100,1.177,0.005,0.000,0.016,2.298,0.511,0.011,3,True
64,16,0.200,10,0,0,1,1,1,1.165,0.539,0.003,0.000,0.014,1.721,0.773,0.125,2,True
64,16,0.200,13,0,0,1,1,1,1.871,0.706,0.003,0.000,0.016,2.594,0.693,0.007,2,True
64,16,0.200,13,0,0,3,3,3,1.196,1.826,0.007,0.000,0.014,3.044,0.520,0.007,4,True
64,16,0.200,10,0,0,3,3,3,1.825,2.520,0.006,0.000,0.017,4.368,0.548,0.017,4,True
64,16,0.200,18,0,0,4,4,4,1.405,3.189,0.010,0.000,0.019,4.624,0.584,0.019,5,True
64,16,0.200,15,0,0,4,4,4,1.315,3.132,0.009,0.000,0.016,4.471,0.707,0.013,5,True
64,16,0.200,22,0,0,4,4,4,1.334,2.606,0.011,0.000,0.021,3.972,1.209,0.084,5,True
64,16,0.200,18,0,0,5,5,5,1.459,4.126,0.010,0.000,0.015,5.610,0.540,0.009,6,True
64,16,0.200,13,0,0,6,6,6,1.573,4.477,0.015,0.000,0.018,6.084,0.721,0.020,7,True
64,16,0.200,17,0,0,5,5,5,1.440,4.464,0.011,0.000,0.014,5.930,0.600,0.267,6,True
64,16,0.200,30,0,0,8,8,8,1.234,5.683,0.015,0.000,0.017,6.949,0.474,0.013,9,True
64,16,0.200,26,0,0,7,7,7,1.029,5.279,0.016,0.000,0.020,6.344,1.071,0.319,8,True
64,16,0.200,19,0,0,7,7,7,1.087,5.950,0.016,0.000,0.018,7.072,0.641,0.168,8,True
64,16,0.200,17,0,0,8,8,8,1.723,5.758,0.014,0.000,0.020,7.515,0.841,0.015,9,True
64,16,0.200,18,0,0,8,8,8,1.339,7.216,0.016,0.000,0.017,8.588,0.533,0.010,9,True
64,16,0.200,27,0,0,7,7,7,1.476,7.049,0.016,0.000,0.020,8.561,0.610,0.016,8,True
64,16,0.200,30,0,0,9,9,9,1.132,7.716,0.020,0.000,0.018,8.885,0.577,0.010,10,True
64,16,0.200,23,0,0,8,8,8,1.659,6.185,0.017,0.000,0.021,7.882,0.769,0.016,9,True
64,16,0.200,33,0,0,10,10,10,1.604,7.027,0.019,0.000,0.026,8.676,0.802,0.024,11,True
64,16,0.200,30,0,0,11,11,11,1.083,7.857,0.020,0.000,0.018,8.978,0.601,0.346,12,True
64,16,0.200,20,0,0,9,9,9,1.686,7.800,0.017,0.000,0.022,9.525,0.765,0.017,10,True
64,16,0.200,22,0,0,10,10,10,1.968,8.176,0.023,0.000,0.024,10.191,0.570,0.020,11,True
64,16,0.200,20,0,0,4,4,4,1.337,3.594,0.009,0.000,0.014,4.954,0.655,0.313,5,True
64,16,0.200,38,0,0,16,16,16,0.997,12.051,0.037,0.000,0.026,13.112,0.655,0.018,17,True
64,16,0.200,37,0,0,16,16,16,1.276,12.413,0.033,0.000,0.025,13.748,0.581,0.017,17,True
64,16,0.200,36,0,0,18,18,18,1.218,12.532,0.035,0.000,0.026,13.810,0.661,0.014,19,True
64,16,0.200,17,0,0,4,4,4,1.071,2.749,0.008,0.000,0.015,3.842,0.588,0.006,5,True
64,16,0.200,30,0,0,14,14,14,1.201,12.797,0.032,0.000,0.025,14.054,0.696,0.454,15,True
64,16,0.200,37,0,0,19,19,19,1.931,15.205,0.039,0.000,0.032,17.206,0.563,0.026,20,True
64,16,0.200,44,0,0,23,23,23,1.211,15.680,0.048,0.000,0.031,16.970,0.464,0.425,24,True
64,16,0.200,34,0,0,21,21,21,1.668,15.189,0.043,0.000,0.032,16.933,0.967,0.040,22,True
64,16,0.200,41,0,0,19,19,19,1.509,14.302,0.043,0.000,0.030,15.883,1.158,0.391,21,True
64,16,0.200,41,0,0,22,22,22,1.165,16.270,0.050,0.000,0.030,17.515,0.666,0.015,23,True
64,16,0.200,30,0,0,21,21,21,1.549,15.017,0.045,0.000,0.033,16.644,0.812,0.470,22,True
64,16,0.200,40,0,0,25,25,25,1.096,18.042,0.053,0.000,0.030,19.222,0.721,0.208,26,True
64,16,0.200,42,0,0,24,24,24,1.291,17.874,0.054,0.000,0.037,19.257,0.676,0.369,25,True
64,16,0.200,25,0,0,14,14,14,1.175,12.074,0.029,0.000,0.024,13.301,0.799,0.834,15,True
64,16,0.200,27,0,0,9,9,9,1.069,7.925,0.019,0.000,0.020,9.033,0.748,0.019,10,True
64,16,0.200,29,0,0,8,8,8,1.158,6.220,0.018,0.000,0.017,7.415,0.678,0.418,9,True
64,16,0.200,45,0,0,22,22,22,1.173,19.804,0.050,0.000,0.030,21.057,0.996,0.269,23,True
64,16,0.200,43,0,0,23,23,23,1.085,20.843,0.053,0.000,0.032,22.013,0.717,0.078,24,True
64,16,0.200,23,0,0,10,10,10,1.240,7.780,0.020,0.000,0.019,9.060,0.908,0.009,11,True
64,16,0.200,25,0,0,5,5,5,0.986,4.259,0.012,0.000,0.022,5.280,0.648,0.025,6,True
64,16,0.200,34,0,0,19,19,19,2.093,13.882,0.039,0.000,0.025,16.039,0.963,0.026,20,True
64,16,0.200,41,0,0,20,20,20,1.467,15.774,0.041,0.000,0.029,17.312,0.660,0.014,21,True
64,16,0.200,32,0,0,15,15,15,1.548,11.810,0.035,0.000,0.028,13.422,0.908,0.584,16,True
64,16,0.200,45,0,0,32,32,32,1.436,24.579,0.067,0.000,0.047,26.130,0.915,0.095,33,True
64,16,0.200,46,0,0,29,29,29,1.001,20.649,0.061,0.000,0.035,21.746,0.753,0.057,30,True
64,16,0.200,64,0,0,38,38,38,1.765,26.423,0.077,0.001,0.042,28.307,0.455,0.048,39,True
64,16,0.200,42,0,0,22,22,22,1.440,18.312,0.046,0.000,0.032,19.830,0.813,0.064,23,True
64,16,0.200,32,0,0,16,16,16,1.299,12.822,0.039,0.000,0.032,14.192,1.022,0.017,17,True
64,16,0.200,57,0,0,37,37,37,1.614,26.828,0.073,0.001,0.043,28.559,0.615,0.289,38,True
64,16,0.200,53,0,0,35,35,35,1.540,27.726,0.072,0.001,0.041,29.380,0.677,0.039,36,True
64,16,0.200,36,0,0,16,16,16,1.634,15.042,0.035,0.000,0.023,16.735,0.994,0.027,17,True
64,16,0.200,25,0,0,5,5,5,1.238,3.726,0.010,0.000,0.017,4.992,0.776,0.914,6,True
64,16,0.200,50,0,0,30,30,30,1.376,21.864,0.055,0.000,0.036,23.331,0.915,0.023,31,True
64,16,0.200,46,0,0,24,24,24,1.200,20.122,0.047,0.000,0.034,21.403,0.608,0.026,25,True
64,16,0.200,35,0,0,18,18,18,1.390,15.047,0.039,0.000,0.026,16.502,1.783,0.088,19,True
64,16,0.200,49,0,0,36,36,36,1.294,30.437,0.072,0.001,0.043,31.846,0.611,0.070,37,True
64,16,0.200,43,0,0,22,22,22,1.106,18.616,0.048,0.000,0.030,19.799,0.947,0.018,23,True
64,16,0.200,52,0,0,24,24,24,1.956,17.268,0.051,0.000,0.033,19.307,0.820,0.064,25,True
64,16,0.200,40,0,0,16,16,16,1.260,13.629,0.036,0.000,0.026,14.953,0.853,0.726,17,True
64,16,0.200,30,0,0,15,15,15,1.204,11.329,0.033,0.000,0.035,12.601,0.545,0.024,16,True
64,16,0.200,44,0,0,28,28,28,1.672,21.058,0.065,0.000,0.043,22.839,0.785,0.051,29,True
64,16,0.200,43,0,0,23,23,23,1.183,18.229,0.046,0.000,0.033,19.491,0.651,0.016,24,True
64,16,0.200,45,0,0,35,35,35,1.459,25.992,0.072,0.001,0.041,27.564,0.951,0.044,36,True
64,16,0.200,70,0,0,46,46,46,1.295,33.563,0.097,0.001,0.051,35.008,0.655,0.040,47,True
64,16,0.200,45,0,0,34,34,34,1.207,24.586,0.071,0.001,0.039,25.904,0.803,0.023,35,True
64,16,0.200,26,0,0,10,10,10,1.030,8.687,0.027,0.000,0.022,9.766,0.757,0.048,11,True
64,16,0.200,67,0,0,48,48,48,1.271,35.855,0.101,0.001,0.055,37.282,0.661,0.046,49,True
64,16,0.200,14,0,0,2,2,2,1.013,1.488,0.005,0.000,0.024,2.531,0.796,0.010,3,True
64,16,0.200,41,0,0,16,16,16,1.537,12.036,0.031,0.000,0.026,13.630,0.879,0.012,17,True
64,16,0.200,43,0,0,26,26,26,1.439,20.149,0.050,0.000,0.036,21.674,0.869,0.092,27,True
64,16,0.200,72,0,0,47,47,47,1.775,33.797,0.102,0.001,0.054,35.729,1.015,2.752,48,True
64,16,0.200,49,0,0,31,31,31,1.113,39.632,0.104,0.001,0.057,40.906,0.973,0.047,61,True
64,16,0.200,70,0,0,53,53,53,1.546,38.635,0.127,0.001,0.067,40.376,1.613,0.096,67,True
64,16,0.200,48,0,0,21,21,21,1.214,16.803,0.049,0.000,0.034,18.100,1.206,0.517,22,True
64,16,0.200,32,0,0,9,9,9,1.090,7.399,0.021,0.000,0.019,8.529,0.526,0.017,10,True
64,16,0.200,5,0,0,1,1,1,1.248,0.446,0.002,0.000,0.011,1.707,0.846,0.601,2,True
64,16,0.200,41,0,0,21,21,21,1.013,16.571,0.047,0.000,0.028,17.658,0.578,0.017,22,True
64,16,0.200,15,0,0,3,3,3,0.977,2.188,0.006,0.000,0.014,3.186,0.925,0.769,4,True
64,16,0.200,43,0,0,21,21,21,1.319,15.694,0.042,0.000,0.029,17.085,0.904,0.337,22,True
64,16,0.200,28,0,0,5,5,5,1.292,3.707,0.012,0.000,0.018,5.030,0.915,0.013,6,True
64,16,0.200,23,0,0,12,12,12,1.183,10.178,0.025,0.000,0.027,11.413,0.795,0.243,13,True
64,16,0.200,48,0,0,29,29,29,1.259,22.996,0.061,0.000,0.043,24.359,1.015,0.025,30,True
64,16,0.200,18,0,0,11,11,11,1.580,8.465,0.022,0.000,0.030,10.096,0.898,0.069,12,True
64,16,0.200,35,0,0,17,17,17,1.454,14.342,0.034,0.000,0.031,15.861,0.886,0.021,18,True
64,16,0.200,71,0,0,53,53,53,1.483,37.775,0.106,0.001,0.055,39.420,1.087,0.044,54,True
64,16,0.200,55,0,0,29,29,29,1.398,19.986,0.059,0.000,0.039,21.481,0.698,0.025,30,True
64,16,0.200,29,0,0,12,12,12,1.211,9.206,0.030,0.000,0.025,10.472,0.682,0.852,13,True
64,16,0.200,41,0,0,17,17,17,1.119,13.841,0.036,0.000,0.031,15.027,0.805,0.050,18,True
64,16,0.200,26,0,0,2,2,2,1.347,2.011,0.006,0.000,0.021,3.385,1.026,0.257,3,True
64,16,0.200,60,0,0,41,41,41,1.357,31.150,0.087,0.001,0.054,32.649,0.555,0.074,42,True
64,16,0.200,56,0,0,36,36,36,1.477,25.350,0.071,0.000,0.044,26.943,1.011,0.859,37,True
64,16,0.200,24,0,0,16,16,16,1.019,12.902,0.029,0.000,0.022,13.972,1.399,0.061,17,True
64,16,0.200,24,0,0,9,9,9,1.713,7.203,0.021,0.000,0.021,8.958,1.620,1.129,13,True
64,16,0.200,85,0,0,56,56,56,1.844,47.387,0.124,0.001,0.066,49.422,1.077,0.282,57,True
64,16,0.200,18,0,0,6,6,6,1.154,3.913,0.013,0.000,0.021,5.101,0.647,0.007,7,True
64,16,0.200,12,0,0,5,5,5,1.237,3.571,0.010,0.000,0.015,4.834,0.718,0.011,6,True
64,16,0.200,47,0,0,28,28,28,1.485,20.486,0.060,0.000,0.039,22.070,0.704,0.956,29,True
64,16,0.200,35,0,0,20,20,20,1.259,16.308,0.045,0.000,0.037,17.649,0.689,0.019,21,True
64,16,0.200,46,0,0,30,30,30,1.805,21.975,0.058,0.000,0.036,23.876,0.832,0.042,31,True
64,16,0.200,36,0,0,14,14,14,1.723,10.159,0.031,0.000,0.027,11.941,0.722,0.025,15,True
64,16,0.200,20,0,0,8,8,8,1.187,5.683,0.016,0.000,0.021,6.907,0.618,0.009,9,True
64,16,0.200,56,0,0,37,37,37,1.393,29.170,0.083,0.001,0.049,30.696,0.920,0.043,38,True
64,16,0.200,71,0,0,43,43,43,1.405,32.391,0.099,0.001,0.055,33.950,1.007,0.041,44,True
64,16,0.200,35,0,0,14,14,14,1.907,11.795,0.031,0.000,0.027,13.761,0.773,0.019,15,True
64,16,0.200,32,0,0,8,8,8,1.501,5.487,0.015,0.000,0.017,7.020,0.772,0.015,9,True
64,16,0.200,60,0,0,43,43,43,1.545,32.341,0.089,0.001,0.044,34.020,1.706,0.121,44,True
64,16,0.200,26,0,0,9,9,9,1.392,6.537,0.017,0.000,0.019,7.966,0.785,0.019,10,True
64,16,0.200,43,0,0,31,31,31,1.531,23.431,0.067,0.000,0.043,25.073,0.726,0.881,32,True
64,16,0.200,40,0,0,20,20,20,1.053,17.194,0.044,0.000,0.031,18.322,0.698,0.019,21,True
64,16,0.200,48,0,0,27,27,27,1.490,21.497,0.060,0.000,0.040,23.087,1.406,0.032,28,True
64,16,0.200,84,0,0,68,68,68,1.844,43.716,0.144,0.002,0.070,45.775,0.644,0.093,69,True
64,16,0.200,35,0,0,14,14,14,1.789,12.004,0.034,0.000,0.028,13.855,1.299,0.966,15,True
64,16,0.200,26,0,0,11,11,11,1.419,8.912,0.023,0.000,0.025,10.379,0.736,0.012,12,True
64,16,0.200,30,0,0,11,11,11,1.111,10.397,0.025,0.000,0.022,11.555,0.996,0.016,12,True
64,16,0.200,52,0,0,32,32,32,1.305,23.508,0.064,0.000,0.042,24.920,1.200,0.737,35,True
64,16,0.200,24,0,0,7,7,7,1.034,5.068,0.014,0.000,0.019,6.135,0.613,0.339,8,True
64,16,0.200,38,0,0,22,22,22,1.411,16.821,0.043,0.000,0.029,18.304,1.394,0.556,23,True
64,16,0.200,32,0,0,13,13,13,1.465,10.981,0.027,0.000,0.023,12.497,0.821,0.023,14,True
64,16,0.200,27,0,0,10,10,10,1.147,7.745,0.022,0.000,0.022,8.936,1.332,0.606,11,True
64,16,0.200,28,0,0,13,13,13,1.311,10.522,0.024,0.000,0.023,11.880,0.790,0.014,14,True
64,16,0.200,19,0,0,7,7,7,1.185,5.345,0.015,0.000,0.018,6.563,0.775,0.695,8,True
64,16,0.200,32,0,0,11,11,11,1.088,9.364,0.026,0.000,0.022,10.499,1.122,0.011,12,True
64,16,0.200,41,0,0,17,17,17,1.391,13.853,0.039,0.000,0.025,15.308,0.909,0.023,18,True
64,16,0.200,24,0,0,14,14,14,1.223,9.776,0.027,0.000,0.022,11.047,0.731,0.030,15,True
64,16,0.200,32,0,0,16,16,16,1.401,12.025,0.036,0.000,0.033,13.496,0.638,0.014,17,True
64,16,0.200,35,0,0,19,19,19,1.085,13.384,0.035,0.000,0.029,14.533,0.593,0.024,20,True
64,16,0.200,27,0,0,12,12,12,1.476,9.617,0.027,0.000,0.027,11.148,0.835,0.028,13,True
64,16,0.200,29,0,0,11,11,11,1.340,8.875,0.024,0.000,0.020,10.259,0.614,0.592,12,True
64,16,0.200,46,0,0,27,27,27,1.246,21.376,0.055,0.000,0.034,22.712,1.168,0.022,28,True
64,16,0.200,77,0,0,53,53,53,1.672,40.855,0.120,0.001,0.061,42.709,2.173,0.103,59,True
64,16,0.200,34,0,0,18,18,18,1.089,15.963,0.039,0.000,0.034,17.125,0.608,0.017,19,True
64,16,0.200,40,0,0,21,21,21,1.461,16.324,0.043,0.000,0.027,17.855,0.737,0.019,22,True
64,16,0.200,41,0,0,20,20,20,1.667,17.642,0.042,0.000,0.028,19.380,0.617,0.023,21,True
64,16,0.200,25,0,0,7,7,7,1.057,4.900,0.014,0.000,0.022,5.992,0.722,0.031,8,True
64,16,0.200,34,0,0,15,15,15,0.985,11.716,0.033,0.000,0.025,12.758,1.370,0.016,16,True
64,16,0.200,29,0,0,15,15,15,1.140,12.647,0.032,0.000,0.026,13.844,0.837,0.044,16,True
64,16,0.200,46,0,0,22,22,22,1.658,17.843,0.041,0.000,0.029,19.571,1.143,0.094,23,True
64,16,0.200,35,0,0,16,16,16,1.163,13.800,0.030,0.000,0.022,15.016,1.365,0.023,17,True
64,16,0.200,53,0,0,31,31,31,1.467,62.405,0.174,0.001,0.078,64.125,1.892,0.091,120,True
64,16,0.200,25,0,0,2,2,2,1.435,1.613,0.005,0.000,0.019,3.072,0.936,0.009,3,True
64,16,0.200,24,0,0,13,13,13,1.376,10.038,0.029,0.000,0.031,11.474,0.758,0.498,14,True
64,16,0.200,53,0,0,27,27,27,1.362,19.325,0.057,0.000,0.037,20.781,0.529,0.362,28,True
64,16,0.200,24,0,0,5,5,5,1.025,3.691,0.009,0.000,0.017,4.742,0.900,0.413,6,True
64,16,0.200,25,0,0,4,4,4,1.119,2.498,0.009,0.000,0.017,3.643,0.775,0.019,5,True
64,16,0.200,70,0,0,47,47,47,1.739,36.984,0.099,0.001,0.053,38.877,1.161,0.295,48,True
64,16,0.200,54,0,0,32,32,32,1.625,69.063,0.195,0.001,0.087,70.971,5.875,1.178,143,True
64,16,0.200,56,0,0,44,44,44,1.467,30.240,0.088,0.001,0.047,31.843,0.812,0.057,45,True
64,16,0.200,23,0,0,13,13,13,1.060,9.592,0.025,0.000,0.026,10.702,0.788,0.938,14,True
64,16,0.200,42,0,0,24,24,24,1.257,16.391,0.046,0.000,0.035,17.729,0.721,0.042,25,True
64,16,0.200,28,0,0,17,17,17,1.077,14.383,0.034,0.000,0.024,15.519,0.793,0.055,18,True
64,16,0.200,55,0,0,32,32,32,1.507,22.203,0.060,0.000,0.037,23.808,0.855,0.066,33,True
64,16,0.200,47,0,0,31,31,31,1.514,22.733,0.059,0.000,0.037,24.345,0.930,0.038,32,True
64,16,0.200,34,0,0,13,13,13,1.636,8.544,0.023,0.000,0.024,10.227,0.891,0.065,14,True
64,16,0.200,56,0,0,31,31,31,1.274,20.019,0.061,0.000,0.046,21.400,0.850,0.036,32,True
64,16,0.200,29,0,0,14,14,14,1.160,8.535,0.024,0.000,0.021,9.739,0.895,0.764,15,True
64,16,0.200,50,0,0,23,23,23,1.099,20.804,0.057,0.000,0.037,21.998,2.234,0.565,36,True
64,16,0.200,28,0,0,16,16,16,1.296,9.624,0.024,0.000,0.019,10.963,0.805,0.677,17,True
64,16,0.200,44,0,0,23,23,23,1.239,15.118,0.040,0.000,0.031,16.428,0.656,0.437,24,True
64,16,0.200,41,0,0,17,17,17,1.170,10.572,0.030,0.000,0.028,11.800,1.240,0.036,18,True
64,16,0.200,77,0,0,53,53,53,1.342,39.015,0.106,0.001,0.057,40.521,1.216,0.045,54,True
64,16,0.200,31,0,0,20,20,20,1.075,12.443,0.036,0.000,0.026,13.581,0.829,0.751,21,True
64,16,0.200,42,0,0,23,23,23,1.511,15.042,0.041,0.000,0.035,16.629,0.687,0.022,24,True
64,16,0.200,49,0,0,24,24,24,1.638,13.201,0.035,0.000,0.034,14.908,0.659,0.029,25,True
64,16,0.200,61,0,0,32,32,32,1.302,21.128,0.059,0.000,0.041,22.529,1.445,0.093,33,True
64,16,0.200,42,0,0,32,32,32,1.358,19.842,0.052,0.000,0.042,21.294,0.731,0.021,33,True
64,16,0.200,75,0,0,55,55,55,1.272,32.506,0.094,0.001,0.054,33.926,1.108,0.061,56,True
64,16,0.200,42,0,0,17,17,17,1.635,75.023,0.205,0.001,0.090,76.954,2.254,0.758,156,True
64,16,0.200,45,0,0,26,26,26,1.374,16.256,0.044,0.000,0.038,17.712,1.020,0.101,27,True
64,16,0.200,57,0,0,41,41,41,1.116,21.101,0.067,0.000,0.042,22.326,1.052,0.792,42,True
64,16,0.200,64,0,0,39,39,39,1.738,61.135,0.185,0.001,0.091,63.150,2.157,0.109,142,True
64,16,0.200,52,0,0,35,35,35,1.990,99.106,0.296,0.002,0.126,101.520,1.972,0.039,215,True
64,16,0.200,39,0,0,29,29,29,1.108,33.797,0.094,0.000,0.055,35.055,5.942,0.025,112,True
64,16,0.200,37,0,0,16,16,16,1.416,77.978,0.209,0.001,0.104,79.708,4.523,0.069,264,True
64,16,0.200,38,0,0,19,19,19,1.796,129.284,0.346,0.002,0.151,131.579,1.855,0.043,339,True
64,16,0.200,51,0,0,30,30,30,1.581,79.323,0.233,0.001,0.108,81.247,6.017,0.046,306,True
64,16,0.200,58,0,0,33,33,33,1.591,105.910,0.276,0.001,0.132,107.910,5.952,1.026,370,True
64,16,0.200,35,0,0,20,20,20,1.624,149.611,0.419,0.002,0.187,151.844,1.767,0.066,484,True
64,16,0.200,50,0,0,28,28,28,1.970,132.027,0.421,0.002,0.196,134.616,5.753,0.085,436,True
64,16,0.200,61,0,0,38,38,38,2.196,129.315,0.416,0.003,0.196,132.125,4.843,2.272,448,True
64,16,0.200,47,0,0,34,34,34,1.357,137.630,0.430,0.003,0.194,139.613,2.491,0.431,570,True
64,16,0.200,70,0,0,48,48,48,2.628,275.547,0.867,0.007,0.386,279.434,2.099,0.064,1133,True
64,16,0.200,75,0,0,43,43,43,2.405,275.925,0.814,0.004,0.350,279.498,3.973,3.422,1136,True
64,16,0.200,40,0,0,25,25,25,2.779,357.174,1.100,0.005,0.495,361.553,4.977,0.061,1514,True
64,16,0.200,48,0,0,33,33,33,4.131,786.644,2.651,0.017,1.117,794.560,5.836,0.203,3828,True
64,16,0.200,75,0,0,48,48,48,5.010,872.056,3.119,0.025,1.312,881.522,5.361,0.046,4010,True
64,16,0.200,63,0,0,49,49,49,8.166,1480.451,5.290,0.044,2.294,1496.245,3.839,0.104,7722,True
