16,16,0.1,2,0,0,1,1,1,0.003,0.003,0.000,0.000,0.007,0.013,0.093,0.002,2,True
16,16,0.1,2,0,0,2,2,2,0.004,0.008,0.000,0.000,0.008,0.021,0.107,0.003,4,True
16,16,0.1,1,0,0,1,1,1,0.003,0.003,0.000,0.000,0.007,0.013,0.094,0.002,2,True
16,16,0.1,2,0,0,1,1,1,0.003,0.003,0.000,0.000,0.008,0.014,0.096,0.002,2,True
16,16,0.1,2,0,0,1,1,1,0.003,0.003,0.000,0.000,0.007,0.013,0.091,0.002,2,True
16,16,0.1,6,0,0,1,1,1,0.003,0.003,0.000,0.000,0.009,0.015,0.100,0.003,2,True
16,16,0.1,1,0,0,1,1,1,0.003,0.003,0.000,0.000,0.007,0.013,0.089,0.002,2,True
16,16,0.1,3,0,0,1,1,1,0.003,0.003,0.000,0.000,0.008,0.014,0.092,0.002,2,True
16,16,0.1,4,0,0,1,1,1,0.003,0.003,0.000,0.000,0.007,0.013,0.100,0.002,2,True
16,16,0.1,3,0,0,1,1,1,0.003,0.003,0.000,0.000,0.008,0.014,0.093,0.002,2,True
16,16,0.1,4,0,0,1,1,1,0.003,0.003,0.000,0.000,0.007,0.013,0.110,0.002,2,True
16,16,0.1,1,0,0,1,1,1,0.003,0.003,0.000,0.000,0.007,0.013,0.088,0.002,2,True
16,16,0.1,2,0,0,1,1,1,0.003,0.003,0.000,0.000,0.008,0.014,0.092,0.002,2,True
16,16,0.1,4,0,0,2,2,2,0.003,0.006,0.000,0.000,0.008,0.017,0.087,0.002,3,True
16,16,0.1,5,0,0,1,1,1,0.003,0.003,0.000,0.000,0.007,0.013,0.092,0.002,2,True
16,16,0.1,2,0,0,1,1,1,0.003,0.003,0.000,0.000,0.006,0.012,0.087,0.002,2,True
16,16,0.1,7,0,0,2,2,2,0.004,0.008,0.000,0.000,0.009,0.021,0.101,0.003,4,True
16,16,0.1,2,0,0,1,1,1,0.003,0.003,0.000,0.000,0.008,0.014,0.094,0.003,2,True
16,16,0.1,3,0,0,1,1,1,0.005,0.005,0.000,0.000,0.010,0.020,0.091,0.002,2,True
16,16,0.1,3,0,0,1,1,1,0.003,0.003,0.000,0.000,0.007,0.013,0.092,0.002,2,True
16,16,0.1,4,0,0,2,2,2,0.003,0.006,0.000,0.000,0.008,0.018,0.092,0.002,3,True
16,16,0.1,6,0,0,2,2,2,0.003,0.006,0.000,0.000,0.008,0.017,0.094,0.003,3,True
16,16,0.1,4,0,0,1,1,1,0.003,0.003,0.000,0.000,0.008,0.014,0.089,0.002,2,True
16,16,0.1,6,0,0,2,2,2,0.004,0.008,0.000,0.000,0.009,0.021,0.090,0.003,4,True
16,16,0.1,4,0,0,1,1,1,0.003,0.003,0.000,0.000,0.008,0.014,0.092,0.002,2,True
16,16,0.2,5,0,0,1,1,1,0.004,0.005,0.000,0.000,0.007,0.015,0.099,0.002,2,True
16,16,0.2,13,0,0,1,1,1,0.003,0.003,0.000,0.000,0.008,0.014,0.098,0.002,2,True
16,16,0.2,8,0,0,1,1,1,0.003,0.003,0.000,0.000,0.006,0.012,0.094,0.004,2,True
16,16,0.2,5,0,0,2,2,2,0.004,0.009,0.000,0.000,0.009,0.022,0.089,0.002,4,True
16,16,0.2,7,0,0,1,1,1,0.003,0.003,0.000,0.000,0.007,0.013,0.090,0.002,2,True
16,16,0.2,6,0,0,1,1,1,0.003,0.003,0.000,0.000,0.008,0.014,0.096,0.004,2,True
16,16,0.2,6,0,0,1,1,1,0.003,0.003,0.000,0.000,0.007,0.013,0.091,0.003,2,True
16,16,0.2,9,0,0,2,2,2,0.003,0.006,0.000,0.000,0.007,0.017,0.095,0.002,3,True
16,16,0.2,11,0,0,1,1,1,0.003,0.003,0.000,0.000,0.006,0.012,0.093,0.002,2,True
16,16,0.2,6,0,0,1,1,1,0.003,0.003,0.000,0.000,0.006,0.012,0.089,0.002,2,True
16,16,0.2,6,0,0,1,1,1,0.003,0.003,0.000,0.000,0.007,0.013,0.090,0.002,2,True
16,16,0.2,9,0,0,1,1,1,0.003,0.003,0.000,0.000,0.008,0.014,0.089,0.002,2,True
16,16,0.2,7,0,0,3,3,3,0.004,0.011,0.000,0.000,0.009,0.025,0.095,0.002,6,True
16,16,0.2,8,0,0,1,1,1,0.003,0.003,0.000,0.000,0.008,0.014,0.088,0.002,2,True
16,16,0.2,5,0,0,1,1,1,0.003,0.003,0.000,0.000,0.008,0.015,0.091,0.002,2,True
16,16,0.2,6,0,0,2,2,2,0.003,0.006,0.000,0.000,0.009,0.018,0.102,0.002,3,True
16,16,0.2,6,0,0,1,1,1,0.003,0.003,0.000,0.000,0.006,0.012,0.098,0.002,2,True
16,16,0.2,6,0,0,1,1,1,0.003,0.003,0.000,0.000,0.006,0.012,0.089,0.002,2,True
16,16,0.2,5,0,0,1,1,1,0.003,0.003,0.000,0.000,0.008,0.014,0.106,0.002,2,True
16,16,0.2,6,0,0,2,2,2,0.004,0.008,0.000,0.000,0.008,0.020,0.094,0.002,4,True
16,16,0.2,8,0,0,2,2,2,0.003,0.006,0.000,0.000,0.009,0.018,0.087,0.002,3,True
16,16,0.2,4,0,0,1,1,1,0.003,0.003,0.000,0.000,0.006,0.012,0.092,0.003,2,True
16,16,0.2,10,0,0,2,2,2,0.004,0.008,0.000,0.000,0.008,0.020,0.092,0.002,4,True
16,16,0.2,8,0,0,3,3,3,0.004,0.011,0.000,0.000,0.010,0.025,0.093,0.005,6,True
16,16,0.2,5,0,0,1,1,1,0.003,0.003,0.000,0.000,0.007,0.013,0.117,0.002,2,True
16,16,0.2,7,0,0,1,1,1,0.003,0.003,0.000,0.000,0.008,0.014,0.093,0.003,2,True
16,16,0.2,5,0,0,1,1,1,0.003,0.003,0.000,0.000,0.007,0.013,0.090,0.002,2,True
16,16,0.2,8,0,0,1,1,1,0.003,0.003,0.000,0.000,0.009,0.015,0.087,0.003,2,True
16,16,0.2,10,0,0,1,1,1,0.003,0.003,0.000,0.000,0.006,0.012,0.113,0.002,2,True
16,16,0.2,7,0,0,1,1,1,0.003,0.003,0.000,0.000,0.008,0.015,0.089,0.003,2,True
16,16,0.2,6,0,0,2,2,2,0.004,0.009,0.000,0.000,0.010,0.022,0.097,0.003,4,True
16,16,0.2,5,0,0,1,1,1,0.003,0.003,0.000,0.000,0.008,0.014,0.092,0.002,2,True
16,16,0.2,5,0,0,1,1,1,0.003,0.003,0.000,0.000,0.009,0.015,0.111,0.003,2,True
16,16,0.2,5,0,0,2,2,2,0.003,0.006,0.000,0.000,0.009,0.019,0.092,0.003,3,True
16,16,0.2,7,0,0,1,1,1,0.003,0.003,0.000,0.000,0.009,0.015,0.089,0.002,2,True
16,16,0.2,6,0,0,3,3,3,0.004,0.009,0.000,0.000,0.010,0.023,0.093,0.003,6,True
16,16,0.2,8,0,0,2,2,2,0.003,0.006,0.000,0.000,0.009,0.019,0.093,0.003,3,True
32,16,0.1,18,0,0,12,12,12,0.022,0.055,0.000,0.000,0.017,0.094,0.187,0.006,20,True
32,16,0.1,13,0,0,9,9,9,0.016,0.039,0.000,0.000,0.015,0.072,0.228,0.005,12,True
32,16,0.1,17,0,0,11,11,11,0.064,0.203,0.001,0.000,0.052,0.321,0.233,0.006,98,True
32,16,0.1,12,0,0,7,7,7,0.017,0.047,0.000,0.000,0.016,0.080,0.290,0.005,12,True
32,16,0.1,10,0,0,8,8,8,0.018,0.039,0.000,0.000,0.019,0.076,0.197,0.005,15,True
32,16,0.1,14,0,0,10,10,10,0.039,0.102,0.000,0.000,0.029,0.171,0.202,0.010,21,True
32,16,0.1,11,0,0,6,6,6,0.029,0.060,0.000,0.000,0.022,0.111,0.298,0.008,14,True
32,16,0.1,13,0,0,7,7,7,0.027,0.054,0.000,0.000,0.021,0.101,0.292,0.007,18,True
32,16,0.1,19,0,0,8,8,8,0.030,0.082,0.000,0.000,0.032,0.144,0.249,0.005,22,True
32,16,0.1,12,0,0,7,7,7,0.013,0.026,0.000,0.000,0.012,0.050,0.216,0.005,11,True
32,16,0.1,17,0,0,12,12,12,0.043,0.132,0.001,0.000,0.040,0.216,0.260,0.011,56,True
32,16,0.1,15,0,0,8,8,8,0.025,0.061,0.000,0.000,0.020,0.106,0.249,0.005,28,True
32,16,0.1,14,0,0,10,10,10,0.092,0.249,0.001,0.000,0.114,0.456,0.220,0.006,125,True
32,16,0.1,13,0,0,8,8,8,0.046,0.089,0.000,0.000,0.032,0.167,0.271,0.010,36,True
32,16,0.1,13,0,0,9,9,9,0.063,0.155,0.001,0.000,0.043,0.261,0.212,0.006,80,True
32,16,0.1,15,0,0,9,9,9,0.017,0.044,0.000,0.000,0.022,0.084,0.216,0.008,15,True
32,16,0.1,18,0,0,9,9,9,0.024,0.065,0.000,0.000,0.019,0.108,0.236,0.005,33,True
32,16,0.1,16,0,0,13,13,13,0.048,0.143,0.001,0.000,0.040,0.232,0.246,0.011,55,True
32,16,0.1,13,0,0,10,10,10,0.037,0.101,0.000,0.000,0.028,0.166,0.231,0.010,21,True
32,16,0.1,15,0,0,14,14,14,0.069,0.198,0.001,0.000,0.133,0.401,0.203,0.007,96,True
32,16,0.1,18,0,0,13,13,13,0.054,0.159,0.001,0.000,0.039,0.253,0.246,0.015,66,True
32,16,0.1,14,0,0,9,9,9,0.024,0.074,0.000,0.000,0.019,0.118,0.320,0.005,24,True
32,16,0.1,22,0,0,12,12,12,0.118,0.366,0.002,0.000,0.078,0.564,0.243,0.006,108,True
32,16,0.1,13,0,0,9,9,9,0.031,0.068,0.000,0.000,0.023,0.122,0.316,0.010,21,True
32,16,0.1,20,0,0,12,12,12,0.046,0.138,0.001,0.000,0.029,0.213,0.467,0.011,24,True
32,16,0.1,13,0,0,8,8,8,0.036,0.073,0.000,0.000,0.024,0.133,0.310,0.008,20,True
32,16,0.1,16,0,0,11,11,11,0.034,0.108,0.000,0.000,0.026,0.167,0.298,0.006,48,True
32,16,0.1,21,0,0,10,10,10,0.039,0.104,0.000,0.000,0.036,0.180,0.321,0.013,18,True
32,16,0.1,17,0,0,12,12,12,0.035,0.118,0.001,0.000,0.026,0.180,0.249,0.006,39,True
32,16,0.1,15,0,0,10,10,10,0.039,0.103,0.001,0.000,0.027,0.170,0.305,0.006,40,True
32,16,0.1,19,0,0,11,11,11,0.074,0.209,0.001,0.000,0.050,0.334,0.251,0.011,55,True
32,16,0.1,9,0,0,7,7,7,0.016,0.035,0.000,0.000,0.021,0.072,0.319,0.005,19,True
32,16,0.1,12,0,0,9,9,9,0.082,0.230,0.001,0.000,0.056,0.369,0.448,0.008,104,True
32,16,0.1,16,0,0,11,11,11,0.067,0.185,0.001,0.000,0.045,0.298,0.298,0.006,88,True
32,16,0.1,16,0,0,10,10,10,0.068,0.208,0.001,0.000,0.046,0.323,0.326,0.010,47,True
32,16,0.1,17,0,0,13,13,13,0.099,0.357,0.002,0.000,0.067,0.525,0.285,0.012,120,True
32,16,0.1,10,0,0,7,7,7,0.013,0.027,0.000,0.000,0.012,0.052,0.285,0.005,11,True
32,16,0.1,16,0,0,11,11,11,0.104,0.311,0.001,0.000,0.067,0.484,0.368,0.011,144,True
32,16,0.1,17,0,0,11,11,11,0.060,0.210,0.001,0.000,0.041,0.312,0.364,0.006,94,True
32,16,0.1,18,0,0,13,13,13,0.094,0.281,0.002,0.000,0.061,0.437,0.306,0.012,91,True
32,16,0.1,16,0,0,11,11,11,0.130,0.319,0.002,0.000,0.147,0.599,0.223,0.006,196,True
32,16,0.1,19,0,0,16,16,16,0.164,0.633,0.003,0.000,0.150,0.951,0.229,0.008,238,True
32,16,0.1,21,0,0,13,13,13,0.117,0.452,0.002,0.000,0.076,0.648,0.316,0.011,174,True
32,16,0.1,16,0,0,12,12,12,0.200,0.578,0.003,0.001,0.132,0.914,0.250,0.009,306,True
32,16,0.1,25,0,0,14,14,14,0.170,0.658,0.003,0.000,0.113,0.944,0.269,0.012,172,True
32,16,0.1,21,0,0,17,17,17,0.142,0.601,0.002,0.000,0.093,0.839,0.284,0.014,190,True
32,16,0.1,21,0,0,14,14,14,0.203,0.540,0.003,0.001,0.167,0.913,0.466,0.007,346,True
32,16,0.1,19,0,0,12,12,12,0.330,0.972,0.004,0.001,0.206,1.513,0.250,0.011,452,True
32,16,0.1,18,0,0,14,14,14,0.277,0.913,0.004,0.001,0.174,1.369,0.218,0.008,433,True
32,16,0.1,21,0,0,14,14,14,0.350,1.131,0.005,0.001,0.274,1.760,0.254,0.011,582,True
32,16,0.1,23,0,0,12,12,12,0.287,0.843,0.003,0.001,0.180,1.314,0.324,0.011,428,True
32,16,0.1,21,0,0,14,14,14,0.402,1.323,0.006,0.001,0.269,2.001,0.254,0.007,644,True
32,16,0.1,22,0,0,17,17,17,0.458,1.737,0.007,0.002,0.293,2.497,0.402,0.013,796,True
32,16,0.1,19,0,0,17,17,17,0.512,1.933,0.009,0.002,0.323,2.778,0.380,0.008,906,True
32,16,0.1,23,0,0,15,15,15,0.513,1.944,0.008,0.002,0.323,2.789,0.287,0.015,871,True
32,16,0.1,22,0,0,16,16,16,0.597,2.395,0.009,0.002,0.376,3.379,0.231,0.014,944,True
32,16,0.1,18,0,0,15,15,15,0.741,2.307,0.012,0.002,0.469,3.531,0.295,0.013,1284,True
32,16,0.1,18,0,0,14,14,14,0.871,2.301,0.011,0.003,0.596,3.782,0.412,0.007,1536,True
32,16,0.1,22,0,0,18,18,18,1.667,7.126,0.027,0.006,1.100,9.926,0.354,0.012,3052,True
32,16,0.1,22,0,0,20,20,20,3.003,12.006,0.054,0.012,1.968,17.042,0.497,0.009,5575,True
32,16,0.2,19,0,0,13,13,13,0.105,0.421,0.002,0.000,0.080,0.608,0.262,0.016,115,True
32,16,0.2,19,0,0,11,11,11,0.098,0.259,0.001,0.000,0.119,0.477,0.288,0.011,120,True
32,16,0.2,27,0,0,11,11,11,0.122,0.396,0.002,0.000,0.074,0.594,0.217,0.007,114,True
32,16,0.2,25,0,0,15,15,15,0.094,0.416,0.002,0.000,0.063,0.576,0.499,0.008,125,True
32,16,0.2,31,0,0,15,15,15,0.292,1.200,0.004,0.001,0.180,1.677,0.287,0.012,416,True
32,16,0.2,28,0,0,16,16,16,0.448,1.467,0.006,0.001,0.269,2.192,0.311,0.016,590,True
32,16,0.2,31,0,0,19,19,19,0.561,2.170,0.008,0.002,0.344,3.084,0.224,0.011,687,True
32,16,0.2,27,0,0,15,15,15,0.678,1.817,0.011,0.002,0.390,2.898,0.416,0.013,728,True
32,16,0.2,28,0,0,19,19,19,0.550,2.601,0.011,0.002,0.380,3.544,0.198,0.009,830,True
32,16,0.2,32,0,0,20,20,20,0.620,3.105,0.014,0.002,0.481,4.222,0.325,0.021,728,True
32,16,0.2,31,0,0,18,18,18,0.737,2.939,0.012,0.002,0.424,4.113,0.329,0.009,756,True
32,16,0.2,24,0,0,14,14,14,0.989,3.707,0.014,0.003,0.587,5.300,0.342,0.014,1165,True
32,16,0.2,31,0,0,16,16,16,0.895,4.013,0.013,0.003,0.534,5.457,0.318,0.014,1084,True
32,16,0.2,28,0,0,21,21,21,0.994,4.606,0.017,0.003,0.603,6.223,0.318,0.010,1228,True
32,16,0.2,25,0,0,16,16,16,1.374,4.024,0.018,0.004,0.819,6.239,0.442,0.007,1860,True
32,16,0.2,38,0,0,20,20,20,1.720,6.856,0.025,0.006,1.015,9.622,0.408,0.016,2142,True
32,16,0.2,30,0,0,22,22,22,2.404,8.838,0.035,0.011,1.457,12.745,0.207,0.010,3536,True
32,16,0.2,41,0,0,19,19,19,2.504,9.098,0.031,0.009,1.434,13.076,0.332,0.017,2875,True
32,16,0.2,34,0,0,19,19,19,2.802,9.301,0.036,0.012,1.712,13.862,0.240,0.015,4006,True
32,16,0.2,37,0,0,20,20,20,2.286,10.228,0.039,0.008,1.378,13.939,0.223,0.009,3157,True
32,16,0.2,39,0,0,22,22,22,2.610,12.439,0.052,0.010,1.586,16.696,0.399,0.016,3994,True
32,16,0.2,38,0,0,21,21,21,3.329,14.883,0.061,0.012,2.063,20.349,0.342,0.010,5175,True
32,16,0.2,43,0,0,22,22,22,3.651,14.672,0.061,0.013,2.159,20.557,0.285,0.017,5538,True
32,16,0.2,33,0,0,20,20,20,3.686,14.966,0.054,0.014,2.178,20.899,0.375,0.009,5605,True
32,16,0.2,26,0,0,20,20,20,4.944,18.245,0.083,0.020,3.128,26.420,0.342,0.016,7675,True
32,16,0.2,29,0,0,21,21,21,4.855,18.763,0.084,0.018,3.063,26.783,0.328,0.009,7911,True
32,16,0.2,34,0,0,17,17,17,5.680,19.322,0.078,0.023,3.367,28.470,0.397,0.013,8900,True
32,16,0.2,37,0,0,19,19,19,5.027,20.601,0.080,0.019,3.139,28.866,0.519,0.015,8286,True
32,16,0.2,31,0,0,19,19,19,7.123,22.739,0.097,0.029,4.561,34.549,0.282,0.017,11190,True
32,16,0.2,31,0,0,20,20,20,7.485,28.346,0.112,0.030,4.717,40.690,0.311,0.021,12265,True
32,16,0.2,37,0,0,24,24,24,7.612,35.082,0.124,0.032,4.821,47.671,0.571,0.020,12664,True
32,16,0.2,32,0,0,23,23,23,8.504,36.324,0.155,0.034,5.477,50.495,0.240,0.011,14356,True
32,16,0.2,35,0,0,22,22,22,10.163,36.411,0.148,0.044,6.210,52.976,0.339,0.018,17135,True
32,16,0.2,32,0,0,20,20,20,11.999,41.890,0.175,0.051,7.271,61.385,0.265,0.009,19849,True
32,16,0.2,37,0,0,21,21,21,11.330,42.748,0.179,0.047,7.064,61.368,0.324,0.016,18654,True
32,16,0.2,32,0,0,21,21,21,10.536,45.105,0.173,0.044,6.593,62.450,0.209,0.010,17910,True
32,16,0.2,37,0,0,20,20,20,13.112,49.467,0.183,0.053,7.950,70.765,0.330,0.016,21997,True
32,16,0.2,33,0,0,22,22,22,14.075,60.551,0.232,0.061,8.857,83.776,0.496,0.019,24040,True
32,16,0.2,35,0,0,26,26,26,16.836,57.180,0.295,0.072,10.427,84.810,0.372,0.021,27963,True
32,16,0.2,29,0,0,24,24,24,18.883,84.255,0.349,0.079,12.145,115.710,0.330,0.024,31923,True
32,16,0.2,34,0,0,22,22,22,22.872,84.881,0.403,0.101,14.740,122.998,0.406,0.017,39228,True
32,16,0.2,34,0,0,22,22,22,36.621,120.701,0.493,0.158,22.692,180.664,0.548,0.017,62182,True
32,16,0.2,37,0,0,24,24,24,37.555,125.519,0.498,0.173,23.471,187.215,0.344,0.017,64940,True
32,16,0.2,32,0,0,25,25,25,34.440,160.179,0.610,0.142,21.577,216.948,0.351,0.014,60220,True
32,16,0.2,37,0,0,25,25,25,38.519,170.038,0.632,0.177,24.288,233.654,0.266,0.011,67902,True
32,16,0.2,39,0,0,28,28,28,54.277,195.424,0.879,0.245,32.944,283.769,0.319,0.013,93919,True
32,16,0.2,34,0,0,23,23,23,74.985,273.952,1.108,0.348,46.290,396.684,0.215,0.020,130062,True
32,16,0.2,36,0,0,25,25,25,89.261,303.700,1.262,0.466,56.411,451.100,0.313,0.020,156142,True
32,16,0.2,36,0,0,27,27,27,101.391,413.031,1.557,0.488,60.701,577.167,0.339,0.020,176274,True
32,16,0.2,35,0,0,26,26,26,136.169,504.794,2.095,0.643,83.934,727.635,0.336,0.021,238150,True
32,16,0.2,37,0,0,28,28,28,151.815,590.042,2.273,0.799,99.814,844.744,0.234,0.013,264352,True
32,16,0.2,48,0,0,28,28,28,192.917,706.365,2.676,1.071,117.308,1020.336,0.233,0.012,345567,True
32,32,0.1,23,0,0,16,16,16,0.173,0.973,0.002,0.000,0.161,1.309,1.523,0.026,94,True
32,32,0.1,17,0,0,13,13,13,0.301,1.851,0.003,0.000,0.339,2.494,1.184,0.037,176,True
32,32,0.1,24,0,0,17,17,17,0.196,1.293,0.002,0.000,0.182,1.674,1.510,0.034,94,True
32,32,0.1,31,0,0,22,22,22,0.837,6.586,0.010,0.001,0.829,8.263,1.541,0.029,433,True
32,32,0.1,28,0,0,21,21,21,1.647,12.908,0.019,0.003,1.615,16.191,1.843,0.037,923,True
32,32,0.1,24,0,0,17,17,17,2.194,16.873,0.020,0.003,2.143,21.233,1.644,0.033,1189,True
32,32,0.1,29,0,0,23,23,23,2.133,18.327,0.026,0.004,2.144,22.635,1.836,0.024,1253,True
32,32,0.1,30,0,0,22,22,22,2.463,21.378,0.023,0.004,2.465,26.334,1.558,0.035,1355,True
32,32,0.1,26,0,0,18,18,18,4.456,34.726,0.042,0.007,4.430,43.661,1.498,0.035,2571,True
32,32,0.1,29,0,0,21,21,21,4.884,41.020,0.054,0.009,4.990,50.957,1.548,0.024,3099,True
32,32,0.1,30,0,0,24,24,24,5.151,40.855,0.047,0.010,5.010,51.074,2.372,0.023,3199,True
32,32,0.1,31,0,0,22,22,22,5.329,42.766,0.048,0.011,5.722,53.875,1.679,0.038,3567,True
32,32,0.1,27,0,0,24,24,24,11.193,80.482,0.121,0.021,11.852,103.669,1.655,0.028,7619,True
32,32,0.1,34,0,0,24,24,24,9.787,94.339,0.115,0.019,10.077,114.337,1.214,0.043,6306,True
32,32,0.1,34,0,0,23,23,23,13.000,96.429,0.127,0.028,13.365,122.948,1.849,0.021,8307,True
32,32,0.1,29,0,0,24,24,24,12.433,102.741,0.128,0.023,12.732,128.057,1.896,0.046,8254,True
32,32,0.1,26,0,0,22,22,22,14.039,102.336,0.130,0.028,14.285,130.817,2.459,0.034,8666,True
32,32,0.1,29,0,0,22,22,22,15.984,123.387,0.156,0.032,16.865,156.424,2.114,0.024,10540,True
32,32,0.1,35,0,0,24,24,24,16.401,129.476,0.159,0.034,17.188,163.258,1.837,0.041,11127,True
32,32,0.1,29,0,0,22,22,22,19.137,129.761,0.174,0.040,20.396,169.508,1.365,0.024,14153,True
32,32,0.1,29,0,0,26,26,26,14.989,147.156,0.170,0.030,15.645,177.990,1.508,0.040,10270,True
32,32,0.1,31,0,0,24,24,24,21.100,175.211,0.238,0.047,22.267,218.863,1.754,0.028,15471,True
32,32,0.1,37,0,0,31,31,31,20.106,194.368,0.282,0.045,22.168,236.969,2.288,0.024,14954,True
32,32,0.1,32,0,0,25,25,25,27.616,205.618,0.299,0.062,29.111,262.705,1.132,0.040,21599,True
32,32,0.1,34,0,0,26,26,26,23.396,217.168,0.252,0.053,24.708,265.578,1.535,0.035,17324,True
32,32,0.1,40,0,0,26,26,26,24.822,219.179,0.312,0.055,26.358,270.726,1.851,0.024,20090,True
32,32,0.1,34,0,0,29,29,29,26.630,215.644,0.313,0.065,29.337,271.989,2.166,0.032,20851,True
32,32,0.1,35,0,0,29,29,29,23.989,228.154,0.334,0.058,26.424,278.959,1.596,0.039,19071,True
32,32,0.1,36,0,0,28,28,28,33.833,266.293,0.340,0.074,36.408,336.948,1.297,0.057,24736,True
32,32,0.1,31,0,0,27,27,27,41.652,356.203,0.534,0.096,46.752,445.237,2.564,0.040,33877,True
32,32,0.1,28,0,0,24,24,24,49.856,344.355,0.515,0.114,53.465,448.305,1.482,0.031,39336,True
32,32,0.1,28,0,0,24,24,24,57.326,357.362,0.485,0.111,55.749,471.032,1.566,0.027,39787,True
32,32,0.1,33,0,0,25,25,25,60.018,439.383,0.563,0.145,62.233,562.342,1.385,0.035,49620,True
32,32,0.1,30,0,0,26,26,26,76.293,572.783,0.860,0.180,81.630,731.746,1.463,0.024,63975,True
32,32,0.1,33,0,0,27,27,27,75.996,663.827,0.780,0.190,79.949,820.743,1.510,0.023,62288,True
64,16,0.1,17,0,0,8,8,8,0.029,0.036,0.000,0.000,0.019,0.085,0.523,0.014,11,True
64,16,0.1,14,0,0,7,7,7,0.027,0.031,0.000,0.000,0.017,0.075,0.450,0.012,11,True
64,16,0.1,19,0,0,9,9,9,0.045,0.068,0.000,0.000,0.023,0.137,0.541,0.052,30,True
64,16,0.1,22,0,0,9,9,9,0.103,0.152,0.001,0.000,0.056,0.312,0.580,0.017,86,True
64,16,0.1,20,0,0,10,10,10,0.205,0.247,0.001,0.000,0.086,0.539,0.484,0.025,140,True
64,16,0.1,15,0,0,7,7,7,0.055,0.066,0.000,0.000,0.029,0.151,0.520,0.050,38,True
64,16,0.1,18,0,0,11,11,11,0.097,0.162,0.001,0.000,0.052,0.313,0.649,0.017,44,True
64,16,0.1,24,0,0,11,11,11,0.190,0.290,0.002,0.000,0.080,0.563,0.653,0.014,154,True
64,16,0.1,27,0,0,9,9,9,0.073,0.079,0.001,0.000,0.037,0.190,0.600,0.019,20,True
64,16,0.1,24,0,0,11,11,11,0.066,0.099,0.001,0.000,0.034,0.199,0.741,0.014,48,True
64,16,0.1,20,0,0,9,9,9,0.060,0.082,0.000,0.000,0.030,0.172,0.828,0.022,39,True
64,16,0.1,20,0,0,9,9,9,0.034,0.042,0.000,0.000,0.017,0.093,0.700,0.008,21,True
64,16,0.1,22,0,0,12,12,12,0.069,0.127,0.001,0.000,0.027,0.223,1.058,0.044,52,True
64,16,0.1,19,0,0,9,9,9,0.155,0.224,0.001,0.000,0.066,0.446,0.641,0.016,61,True
64,16,0.1,19,0,0,11,11,11,0.180,0.272,0.001,0.000,0.077,0.530,0.547,0.013,162,True
64,16,0.1,22,0,0,14,14,14,0.234,0.500,0.002,0.000,0.099,0.835,0.541,0.024,135,True
64,16,0.1,24,0,0,8,8,8,0.028,0.027,0.000,0.000,0.020,0.076,1.012,0.014,18,True
64,16,0.1,29,0,0,13,13,13,0.164,0.347,0.001,0.000,0.060,0.573,0.793,0.014,112,True
64,16,0.1,20,0,0,11,11,11,0.245,0.337,0.002,0.000,0.107,0.691,0.717,0.018,174,True
64,16,0.1,21,0,0,10,10,10,0.184,0.271,0.001,0.000,0.069,0.525,0.747,0.023,88,True
64,16,0.1,27,0,0,14,14,14,0.297,0.578,0.002,0.000,0.125,1.004,0.514,0.030,235,True
64,16,0.1,22,0,0,13,13,13,0.267,0.368,0.002,0.000,0.103,0.739,0.816,0.024,130,True
64,16,0.1,23,0,0,8,8,8,0.049,0.054,0.000,0.000,0.024,0.128,0.752,0.052,36,True
64,16,0.1,20,0,0,13,13,13,0.220,0.286,0.001,0.000,0.081,0.588,0.871,0.020,133,True
64,16,0.1,18,0,0,10,10,10,0.167,0.238,0.001,0.000,0.064,0.470,0.932,0.015,132,True
64,16,0.1,23,0,0,15,15,15,0.453,0.929,0.004,0.001,0.185,1.572,0.466,0.021,315,True
64,16,0.1,24,0,0,15,15,15,0.251,0.481,0.002,0.000,0.096,0.830,0.776,0.024,204,True
64,16,0.1,23,0,0,11,11,11,0.227,0.334,0.001,0.000,0.087,0.650,1.202,0.014,200,True
64,16,0.1,22,0,0,13,13,13,0.252,0.381,0.002,0.000,0.081,0.716,1.170,0.019,171,True
64,16,0.1,26,0,0,12,12,12,0.325,0.520,0.002,0.000,0.116,0.964,0.790,0.018,179,True
64,16,0.1,21,0,0,12,12,12,0.239,0.448,0.002,0.000,0.097,0.787,1.427,0.011,195,True
64,16,0.1,26,0,0,13,13,13,0.361,0.566,0.003,0.001,0.146,1.076,0.737,0.023,293,True
64,16,0.1,21,0,0,12,12,12,0.444,0.753,0.003,0.001,0.147,1.347,0.786,0.018,322,True
64,16,0.1,16,0,0,11,11,11,0.367,0.489,0.002,0.001,0.134,0.993,1.164,0.065,308,True
64,16,0.1,27,0,0,16,16,16,0.395,0.795,0.003,0.001,0.152,1.346,0.601,0.185,341,True
64,16,0.1,24,0,0,14,14,14,0.383,0.701,0.003,0.001,0.153,1.240,1.103,0.055,309,True
64,16,0.1,32,0,0,17,17,17,0.799,1.243,0.006,0.001,0.284,2.334,0.547,0.016,649,True
64,16,0.1,20,0,0,13,13,13,0.641,1.169,0.005,0.001,0.237,2.053,0.944,0.015,562,True
64,16,0.1,19,0,0,13,13,13,0.667,1.267,0.005,0.001,0.251,2.191,0.556,0.021,605,True
64,16,0.1,25,0,0,14,14,14,0.683,1.447,0.006,0.001,0.279,2.416,0.846,0.025,621,True
64,16,0.1,22,0,0,12,12,12,1.111,1.662,0.007,0.002,0.367,3.149,1.136,0.039,1019,True
64,16,0.1,21,0,0,15,15,15,1.038,1.853,0.008,0.002,0.348,3.248,1.050,0.025,836,True
64,16,0.1,20,0,0,11,11,11,0.396,0.643,0.003,0.001,0.139,1.180,3.430,0.046,364,True
64,16,0.1,19,0,0,13,13,13,1.179,1.884,0.008,0.002,0.399,3.472,0.984,0.014,1088,True
64,16,0.1,22,0,0,15,15,15,1.460,2.202,0.009,0.003,0.527,4.200,0.925,0.053,1292,True
64,16,0.1,32,0,0,13,13,13,1.827,2.491,0.010,0.003,0.603,4.934,0.643,0.016,1574,True
64,16,0.1,24,0,0,14,14,14,1.804,2.461,0.010,0.003,0.592,4.870,1.184,0.017,1646,True
64,16,0.1,23,0,0,13,13,13,0.962,1.529,0.007,0.002,0.324,2.824,1.089,1.419,890,True
64,16,0.1,23,0,0,15,15,15,1.984,3.110,0.013,0.004,0.665,5.775,1.112,0.014,1860,True
64,16,0.1,24,0,0,14,14,14,2.125,3.417,0.014,0.004,0.713,6.272,0.683,0.020,1906,True
64,16,0.1,23,0,0,14,14,14,2.663,3.585,0.019,0.005,0.908,7.179,1.393,0.024,2496,True
64,16,0.1,21,0,0,16,16,16,2.753,4.808,0.025,0.005,0.980,8.571,0.668,0.016,2586,True
64,16,0.1,26,0,0,17,17,17,2.727,5.021,0.021,0.005,0.911,8.686,0.668,0.030,2443,True
64,16,0.1,23,0,0,14,14,14,2.934,4.872,0.019,0.005,0.974,8.803,0.699,0.020,2572,True
64,16,0.1,29,0,0,17,17,17,3.152,5.147,0.024,0.006,1.115,9.445,3.559,0.143,3016,True
64,16,0.1,37,0,0,18,18,18,6.741,12.047,0.048,0.013,2.123,20.972,0.504,0.023,5879,True
64,16,0.1,28,0,0,19,19,19,7.840,15.779,0.065,0.016,2.735,26.435,1.397,0.013,7735,True
64,16,0.1,29,0,0,17,17,17,12.293,17.508,0.069,0.024,4.003,33.897,2.989,0.013,11668,True
64,16,0.1,24,0,0,17,17,17,19.592,25.383,0.105,0.042,6.481,51.602,0.702,0.028,17698,True
64,16,0.1,32,0,0,20,20,20,75.793,111.360,0.480,0.182,24.781,212.596,0.938,0.019,74232,True
64,16,0.2,41,0,0,18,18,18,1.191,1.996,0.008,0.002,0.423,3.620,0.631,0.018,760,True
64,16,0.2,42,0,0,15,15,15,2.275,3.108,0.012,0.004,0.715,6.114,0.673,0.020,1372,True
64,16,0.2,50,0,0,20,20,20,1.876,3.983,0.014,0.003,0.602,6.478,0.636,0.029,1125,True
64,16,0.2,36,0,0,16,16,16,3.924,6.616,0.026,0.007,1.239,11.812,0.507,0.032,2388,True
64,16,0.2,39,0,0,18,18,18,3.557,6.180,0.025,0.006,1.138,10.905,0.753,0.027,2333,True
64,16,0.2,45,0,0,19,19,19,6.583,10.740,0.046,0.012,2.085,19.467,0.487,0.017,4356,True
64,16,0.2,34,0,0,18,18,18,8.156,9.144,0.037,0.016,2.497,19.849,0.560,0.045,4870,True
64,16,0.2,37,0,0,19,19,19,8.015,12.739,0.048,0.016,2.550,23.368,0.659,0.022,4969,True
64,16,0.2,35,0,0,20,20,20,9.855,16.676,0.063,0.019,3.178,29.791,0.517,0.036,6534,True
64,16,0.2,37,0,0,21,21,21,10.610,16.471,0.064,0.022,3.393,30.560,1.158,0.050,6765,True
64,16,0.2,48,0,0,22,22,22,19.810,31.223,0.118,0.042,6.123,57.316,0.949,0.051,12111,True
64,16,0.2,41,0,0,21,21,21,23.417,32.929,0.130,0.051,7.405,63.932,0.516,0.020,15932,True
64,16,0.2,45,0,0,26,26,26,20.528,42.765,0.171,0.044,6.532,70.040,0.603,0.034,13975,True
64,16,0.2,55,0,0,24,24,24,22.809,45.392,0.164,0.048,7.179,75.592,1.858,0.020,15306,True
64,16,0.2,43,0,0,22,22,22,21.938,54.284,0.196,0.047,7.373,83.840,0.807,0.026,16677,True
64,16,0.2,40,0,0,21,21,21,28.948,64.856,0.229,0.063,9.376,103.473,0.785,0.035,20582,True
64,16,0.2,44,0,0,23,23,23,29.007,65.257,0.264,0.063,9.735,104.326,0.788,0.039,20753,True
64,16,0.2,47,0,0,24,24,24,37.484,69.339,0.274,0.088,12.088,119.273,0.556,0.039,26783,True
64,16,0.2,44,0,0,21,21,21,39.856,75.854,0.251,0.091,12.917,128.969,1.041,0.030,30644,True
64,16,0.2,35,0,0,22,22,22,46.558,89.013,0.336,0.102,15.010,151.020,0.583,0.029,34264,True
64,16,0.2,36,0,0,23,23,23,47.882,88.455,0.341,0.110,15.812,152.601,1.117,0.047,35228,True
64,16,0.2,42,0,0,24,24,24,57.530,106.136,0.441,0.144,18.716,182.968,0.786,0.027,47912,True
64,16,0.2,42,0,0,24,24,24,55.308,112.769,0.414,0.133,18.512,187.136,0.808,0.034,45469,True
64,16,0.2,53,0,0,26,26,26,68.073,96.897,0.411,0.177,21.832,187.391,0.998,0.034,54926,True
64,16,0.2,44,0,0,23,23,23,66.395,126.277,0.545,0.155,21.790,215.162,0.707,0.032,52614,True
64,16,0.2,52,0,0,23,23,23,75.995,128.010,0.515,0.176,24.987,229.683,0.700,0.033,64682,True
64,16,0.2,41,0,0,22,22,22,74.271,143.864,0.539,0.184,24.747,243.606,0.843,0.031,62183,True
64,16,0.2,44,0,0,24,24,24,107.875,138.292,0.561,0.288,34.337,281.352,0.663,0.033,90432,True
64,16,0.2,37,0,0,26,26,26,86.156,166.381,0.629,0.227,28.404,281.796,0.969,0.023,72723,True
64,16,0.2,43,0,0,25,25,25,92.934,195.422,0.759,0.238,32.153,321.506,0.921,0.064,81775,True
64,16,0.2,43,0,0,23,23,23,108.569,196.641,0.797,0.271,36.953,343.232,0.596,0.023,92314,True
64,16,0.2,42,0,0,23,23,23,118.654,188.903,0.761,0.295,38.843,347.457,1.150,0.019,101064,True
64,16,0.2,47,0,0,28,28,28,107.465,207.973,0.838,0.275,35.834,352.385,1.497,0.037,96239,True
64,16,0.2,48,0,0,26,26,26,202.010,308.777,1.219,0.547,65.757,578.310,0.512,0.034,179684,True
64,16,0.2,49,0,0,24,24,24,187.507,369.057,1.367,0.510,62.775,621.217,0.500,0.020,168974,True
64,16,0.2,46,0,0,25,25,25,218.519,394.615,1.556,0.592,75.007,690.288,0.486,0.026,196369,True
64,16,0.2,44,0,0,24,24,24,244.404,384.264,1.457,0.644,73.389,704.157,3.021,0.023,203574,True
64,16,0.2,47,0,0,23,23,23,274.640,452.004,1.771,0.696,93.728,822.838,0.503,0.024,247132,True
64,16,0.2,47,0,0,23,23,23,346.165,582.677,2.306,0.931,117.078,1049.158,0.529,0.020,317744,True
64,16,0.2,41,0,0,24,24,24,371.970,569.705,2.315,0.999,122.776,1067.766,0.782,0.035,339764,True
64,16,0.2,52,0,0,28,28,28,352.451,711.979,2.974,1.054,118.915,1187.374,0.812,0.055,326206,True
64,16,0.2,51,0,0,26,26,26,409.406,739.625,2.970,1.101,137.465,1290.567,0.785,0.034,375487,True
64,16,0.2,38,0,0,26,26,26,427.618,852.861,3.475,1.216,152.208,1437.378,0.535,0.215,393876,True
64,16,0.2,50,0,0,31,31,31,492.304,1098.946,4.207,1.374,170.484,1767.316,0.700,0.228,457600,True
64,16,0.2,46,0,0,25,25,25,649.636,1104.224,4.477,1.817,217.373,1977.526,1.093,0.064,601351,True
64,16,0.2,41,0,0,26,26,26,623.367,1162.456,4.632,1.748,219.944,2012.147,0.590,0.018,576656,True
64,32,0.1,21,0,0,15,15,15,0.205,0.744,0.001,0.000,0.097,1.047,3.487,0.026,57,True
64,32,0.1,26,0,0,14,14,14,0.368,1.015,0.001,0.000,0.172,1.557,3.572,0.025,67,True
64,32,0.1,23,0,0,17,17,17,0.362,1.331,0.002,0.000,0.233,1.928,3.530,0.050,124,True
64,32,0.1,28,0,0,16,16,16,0.609,1.794,0.002,0.000,0.308,2.714,4.229,0.039,185,True
64,32,0.1,31,0,0,16,16,16,0.755,2.767,0.004,0.000,0.375,3.902,3.598,0.031,213,True
64,32,0.1,24,0,0,15,15,15,0.760,2.314,0.003,0.001,0.397,3.474,4.190,0.033,246,True
64,32,0.1,27,0,0,19,19,19,0.812,3.451,0.004,0.001,0.398,4.665,4.121,0.048,202,True
64,32,0.1,33,0,0,20,20,20,1.030,3.320,0.004,0.001,0.509,4.864,4.140,0.049,312,True
64,32,0.1,36,0,0,16,16,16,2.001,6.043,0.008,0.002,1.043,9.096,2.816,0.038,592,True
64,32,0.1,24,0,0,15,15,15,1.521,5.261,0.005,0.001,0.753,7.542,3.749,0.045,425,True
64,32,0.1,24,0,0,14,14,14,2.039,6.475,0.007,0.002,1.039,9.563,3.668,0.038,600,True
64,32,0.1,25,0,0,20,20,20,1.556,5.547,0.009,0.001,0.811,7.925,4.357,0.035,509,True
64,32,0.1,29,0,0,21,21,21,1.779,7.540,0.009,0.001,0.927,10.256,4.273,0.033,505,True
64,32,0.1,23,0,0,17,17,17,2.396,7.128,0.009,0.002,1.217,10.752,4.616,0.027,750,True
64,32,0.1,26,0,0,19,19,19,2.132,9.179,0.010,0.002,1.106,12.429,3.946,0.048,720,True
64,32,0.1,30,0,0,16,16,16,2.864,8.738,0.011,0.002,1.495,13.111,3.962,0.035,937,True
64,32,0.1,29,0,0,20,20,20,3.004,10.201,0.014,0.003,1.612,14.833,3.634,0.049,1048,True
64,32,0.1,26,0,0,17,17,17,3.351,9.811,0.012,0.003,1.771,14.948,4.400,0.033,1142,True
64,32,0.1,31,0,0,17,17,17,4.022,15.260,0.018,0.004,2.173,21.477,3.209,0.046,1500,True
64,32,0.1,35,0,0,20,20,20,6.269,20.705,0.029,0.007,3.282,30.291,4.861,0.036,2325,True
64,32,0.1,29,0,0,18,18,18,8.692,26.353,0.030,0.009,4.714,39.799,4.195,0.044,3519,True
64,32,0.1,31,0,0,22,22,22,8.067,29.937,0.033,0.009,4.355,42.401,4.093,0.038,3272,True
64,32,0.1,31,0,0,23,23,23,8.872,33.576,0.036,0.010,4.996,47.491,4.253,0.055,3587,True
64,32,0.1,34,0,0,22,22,22,8.299,37.527,0.042,0.008,4.733,50.609,3.568,0.057,3500,True
64,32,0.1,26,0,0,19,19,19,9.295,36.570,0.045,0.009,5.278,51.197,5.680,0.049,3748,True
64,32,0.1,31,0,0,20,20,20,10.576,43.920,0.048,0.010,5.896,60.451,3.980,0.051,4518,True
64,32,0.1,32,0,0,21,21,21,12.498,42.232,0.053,0.014,6.828,61.625,3.724,0.036,5164,True
64,32,0.1,26,0,0,21,21,21,13.054,48.928,0.062,0.014,7.200,69.258,3.450,0.073,5426,True
64,32,0.1,28,0,0,20,20,20,12.578,49.667,0.066,0.013,7.218,69.543,4.420,0.029,5668,True
64,32,0.1,36,0,0,22,22,22,16.836,65.733,0.085,0.019,9.483,92.155,3.706,0.055,7388,True
64,32,0.1,36,0,0,24,24,24,15.226,71.990,0.099,0.017,9.140,96.471,3.761,0.063,6526,True
64,32,0.1,33,0,0,23,23,23,17.326,69.369,0.072,0.021,9.922,96.710,4.057,0.059,7638,True
64,32,0.1,33,0,0,20,20,20,20.265,66.043,0.084,0.023,11.719,98.134,3.599,0.040,8844,True
64,32,0.1,30,0,0,23,23,23,21.285,90.185,0.095,0.024,12.088,123.677,3.905,0.035,9394,True
64,32,0.1,35,0,0,24,24,24,24.033,86.821,0.107,0.031,13.899,124.891,4.362,0.056,10438,True
64,32,0.1,25,0,0,21,21,21,26.985,94.286,0.121,0.031,15.209,136.633,4.116,0.051,11872,True
64,32,0.1,34,0,0,21,21,21,28.920,94.460,0.111,0.032,16.737,140.260,3.600,0.033,12870,True
64,32,0.1,32,0,0,23,23,23,22.177,111.711,0.119,0.025,12.935,146.966,3.815,0.031,9786,True
64,32,0.1,31,0,0,22,22,22,38.552,148.809,0.155,0.046,22.669,210.230,3.420,0.031,17354,True
64,32,0.1,35,0,0,23,23,23,45.153,153.164,0.183,0.053,26.835,225.388,3.784,0.054,20251,True
64,32,0.1,33,0,0,24,24,24,47.422,156.560,0.232,0.057,27.845,232.117,3.179,0.084,21282,True
64,32,0.1,34,0,0,24,24,24,48.343,182.655,0.232,0.063,29.080,260.373,3.313,0.048,22094,True
64,32,0.1,42,0,0,24,24,24,54.885,209.741,0.261,0.067,32.478,297.432,3.444,0.067,24871,True
64,32,0.1,33,0,0,22,22,22,56.597,221.229,0.277,0.066,35.032,313.202,3.582,0.034,25900,True
64,32,0.1,36,0,0,25,25,25,63.963,224.593,0.289,0.081,39.654,328.579,6.091,0.031,29330,True
64,32,0.1,37,0,0,26,26,26,95.025,402.777,0.492,0.130,58.771,557.195,4.006,0.072,42916,True
64,32,0.1,42,0,0,30,30,30,96.871,453.903,0.490,0.136,55.994,607.395,4.139,0.037,44584,True
64,32,0.1,35,0,0,26,26,26,105.309,522.196,0.543,0.136,61.968,690.153,2.999,0.038,49130,True
64,32,0.1,31,0,0,26,26,26,139.149,626.303,0.692,0.175,81.516,847.836,3.412,0.053,63390,True
64,32,0.1,41,0,0,26,26,26,206.511,694.385,0.879,0.277,114.963,1017.016,3.037,0.078,91225,True
64,32,0.1,44,0,0,25,25,25,279.049,1129.612,1.178,0.386,170.264,1580.489,4.412,0.034,128663,True
64,32,0.2,54,0,0,35,35,35,400.649,2306.317,2.482,0.564,241.246,2951.257,4.318,0.054,116921,True
64,64,0.1,41,0,0,28,28,28,5.758,54.063,0.022,0.003,5.690,65.536,18.441,0.192,791,True
64,64,0.1,43,0,0,30,30,30,11.586,113.837,0.036,0.007,11.751,137.217,19.461,0.163,1640,True
64,64,0.1,43,0,0,32,32,32,17.037,225.844,0.076,0.010,17.945,260.913,18.435,0.171,2496,True
64,64,0.1,35,0,0,28,28,28,22.462,230.670,0.082,0.014,23.921,277.148,18.820,0.163,3336,True
64,64,0.1,45,0,0,28,28,28,28.813,257.985,0.103,0.019,30.336,317.256,17.023,0.165,4242,True
64,64,0.1,41,0,0,33,33,33,40.922,302.948,0.096,0.036,41.549,385.551,17.230,0.147,6159,True
64,64,0.1,45,0,0,30,30,30,48.821,479.952,0.176,0.035,52.183,581.167,17.237,0.141,7742,True
64,64,0.1,43,0,0,33,33,33,51.035,586.610,0.193,0.039,55.361,693.238,21.217,0.098,7884,True
64,64,0.1,45,0,0,31,31,31,79.773,825.254,0.337,0.054,84.302,989.720,18.137,0.165,12810,True
64,64,0.1,45,0,0,32,32,32,84.984,833.000,0.299,0.063,90.725,1009.072,18.897,0.117,13382,True
64,64,0.1,44,0,0,28,28,28,95.273,958.801,0.314,0.064,105.177,1159.628,17.339,0.120,14934,True
64,64,0.1,39,0,0,34,34,34,98.042,1152.298,0.341,0.067,103.274,1354.023,17.364,0.249,15924,True
64,64,0.1,49,0,0,35,35,35,105.569,1165.920,0.506,0.072,119.290,1391.356,21.594,0.145,17200,True
64,64,0.1,44,0,0,30,30,30,108.672,1311.805,0.379,0.081,120.567,1541.505,18.937,0.163,18416,True
64,64,0.1,40,0,0,31,31,31,129.562,1334.511,0.515,0.093,144.782,1609.463,17.138,0.168,22302,True
64,64,0.1,49,0,0,38,38,38,129.047,1497.900,0.531,0.102,140.023,1767.602,18.860,0.184,22579,True
64,64,0.1,42,0,0,34,34,34,134.465,1588.840,0.575,0.108,156.974,1880.961,18.937,0.160,23264,True
64,64,0.1,47,0,0,36,36,36,162.822,1894.943,0.584,0.118,171.465,2229.931,18.190,0.181,27072,True
64,64,0.1,46,0,0,34,34,34,222.887,2167.394,0.739,0.228,250.005,2641.252,20.016,0.176,39076,True
64,64,0.1,50,0,0,34,34,34,210.087,2365.926,0.700,0.166,232.559,2809.439,19.481,0.262,39186,True
64,64,0.1,47,0,0,33,33,33,249.874,2316.829,0.906,0.191,270.278,2838.078,18.734,0.115,46860,True
64,64,0.1,45,0,0,36,36,36,174.738,2467.368,0.787,0.137,200.224,2843.254,18.825,0.133,33036,True
64,64,0.1,45,0,0,30,30,30,219.972,2439.999,0.883,0.161,261.562,2922.577,18.826,0.167,41992,True
64,64,0.1,43,0,0,33,33,33,204.152,2567.346,0.819,0.157,228.169,3000.643,20.261,0.110,38698,True
64,64,0.1,47,0,0,37,37,37,221.441,2579.034,1.015,0.175,268.369,3070.034,17.803,0.144,41855,True
64,64,0.1,44,0,0,32,32,32,209.545,2720.494,0.852,0.158,244.476,3175.526,17.037,0.284,40121,True
